1 1 2
2 1 1
3 1 3
4 1 2
5 1 2
6 1 2
7 1 3
8 1 2
9 1 3
10 1 2
11 1 1
12 1 1
13 1 3
14 1 3
15 1 1
16 1 2
17 1 3
18 1 2
19 1 2
20 1 2
21 1 2
22 1 3
23 1 1
24 1 3
25 1 3
26 1 3
27 1 3
28 1 3
29 1 2
30 1 3
31 1 3
32 1 2
33 1 2
34 1 3
35 1 3
36 1 3
37 1 2
38 1 2
39 1 3
40 1 2
41 1 3
42 1 2
43 1 2
44 1 3
45 1 2
46 1 2
47 1 2
48 1 3
49 1 3
50 1 2
51 1 2
52 1 2
53 1 2
54 1 1
55 1 2
56 1 2
57 1 2
58 1 3
59 1 1
60 1 3
61 1 1
62 1 3
63 1 3
64 1 3
65 1 2
66 1 3
67 1 3
68 1 3
69 1 2
70 1 2
71 1 2
72 1 3
73 1 3
74 1 3
75 1 2
76 1 3
77 1 3
78 1 1
79 1 3
80 1 2
81 1 3
82 1 3
83 1 2
84 1 2
85 1 3
86 1 1
87 1 2
88 1 2
89 1 3
90 1 3
91 1 3
92 1 2
93 1 2
94 1 2
95 1 1
96 1 1
97 1 3
98 1 1
99 1 2
100 1 2
101 1 2
102 1 1
103 1 2
104 1 2
105 1 1
106 1 2
107 1 1
108 1 2
109 1 3
110 1 3
111 1 2
112 1 3
113 1 1
114 1 3
115 1 2
116 1 1
117 1 3
118 1 3
119 1 2
120 1 2
121 1 2
122 1 3
123 1 2
124 1 3
125 1 3
126 1 2
127 1 3
128 1 2
129 1 3
130 1 1
131 1 3
132 1 3
133 1 1
134 1 2
135 1 3
136 1 2
137 1 2
138 1 2
139 1 2
140 1 3
141 1 3
142 1 1
143 1 3
144 1 3
145 1 1
146 1 2
147 1 1
148 1 2
149 1 2
150 1 2
151 1 3
152 1 3
153 1 2
154 1 1
155 1 2
156 1 3
157 1 3
158 1 3
159 1 1
160 1 1
161 1 3
162 1 3
163 1 3
164 1 1
165 1 2
166 1 2
167 1 1
168 1 1
169 1 2
170 1 2
171 1 3
172 1 3
173 1 1
174 1 1
175 1 1
176 1 3
177 1 1
178 1 3
179 1 3
180 1 1
181 1 2
182 1 2
183 1 3
184 1 3
185 1 2
186 1 2
187 1 3
188 1 2
189 1 2
190 1 3
191 1 2
192 1 3
193 1 3
194 1 3
195 1 3
196 1 1
197 1 2
198 1 2
199 1 3
200 1 2
201 1 2
202 1 3
203 1 3
204 1 3
205 1 3
206 1 2
207 1 3
208 1 3
209 1 2
210 1 3
211 1 3
212 1 3
213 1 1
214 1 3
215 1 3
216 1 2
217 1 3
218 1 3
219 1 2
220 1 3
221 1 3
222 1 3
223 1 2
224 1 2
225 1 3
226 1 3
227 1 1
228 1 2
229 1 1
230 1 3
231 1 2
232 1 3
233 1 3
234 1 3
235 1 3
236 1 3
237 1 2
238 1 3
239 1 1
240 1 2
241 1 1
242 1 3
243 1 2
244 1 3
245 1 3
246 1 2
247 1 2
248 1 2
249 1 1
250 1 2
251 1 2
252 1 2
253 1 1
254 1 3
255 1 1
256 1 2
257 1 3
258 1 1
259 1 2
260 1 1
261 1 3
262 1 2
263 1 2
264 1 2
265 1 1
266 1 2
267 1 3
268 1 1
269 1 2
270 1 3
271 1 2
272 1 2
273 1 1
274 1 3
275 1 3
276 1 2
277 1 2
278 1 1
279 1 2
280 1 1
281 1 2
282 1 2
283 1 2
284 1 1
285 1 1
286 1 1
287 1 3
288 1 1
289 1 3
290 1 3
291 1 3
292 1 2
293 1 3
294 1 1
295 1 2
296 1 3
297 1 1
298 1 1
299 1 2
300 1 2
301 1 2
302 1 2
303 1 2
304 1 2
305 1 2
306 1 3
307 1 1
308 1 2
309 1 2
310 1 1
311 1 1
312 1 1
313 1 1
314 1 2
315 1 3
316 1 3
317 1 3
318 1 2
319 1 1
320 1 3
321 1 3
322 1 3
323 1 2
324 1 1
325 1 3
326 1 3
327 1 3
328 1 3
329 1 2
330 1 2
331 1 1
332 1 2
333 1 2
334 1 2
335 1 1
336 1 3
337 1 2
338 1 2
339 1 3
340 1 3
341 1 1
342 1 2
343 1 3
344 1 3
345 1 2
346 1 1
347 1 2
348 1 1
349 1 2
350 1 1
351 1 2
352 1 2
353 1 2
354 1 3
355 1 3
356 1 2
357 1 2
358 1 2
359 1 2
360 1 2
361 1 3
362 1 2
363 1 1
364 1 2
365 1 3
366 1 2
367 1 1
368 1 3
369 1 1
370 1 2
371 1 3
372 1 3
373 1 3
374 1 1
375 1 1
376 1 3
377 1 2
378 1 1
379 1 3
380 1 1
381 1 3
382 1 2
383 1 2
384 1 2
385 1 2
386 1 1
387 1 2
388 1 2
389 1 2
390 1 3
391 1 1
392 1 3
393 1 3
394 1 3
395 1 2
396 1 2
397 1 3
398 1 1
399 1 2
400 1 2
401 1 3
402 1 3
403 1 1
404 1 2
405 1 3
406 1 2
407 1 3
408 1 2
409 1 3
410 1 2
411 1 1
412 1 1
413 1 2
414 1 3
415 1 2
416 1 3
417 1 3
418 1 3
419 1 3
420 1 3
421 1 3
422 1 2
423 1 2
424 1 2
425 1 3
426 1 1
427 1 3
428 1 2
429 1 3
430 1 3
431 1 2
432 1 2
433 1 1
434 1 2
435 1 2
436 1 2
437 1 2
438 1 1
439 1 3
440 1 1
441 1 2
442 1 1
443 1 2
444 1 2
445 1 1
446 1 2
447 1 3
448 1 1
449 1 3
450 1 3
451 1 3
452 1 3
453 1 2
454 1 1
455 1 3
456 1 2
457 1 2
458 1 2
459 1 2
460 1 2
461 1 2
462 1 1
463 1 3
464 1 2
465 1 2
466 1 3
467 1 1
468 1 2
469 1 3
470 1 1
471 1 2
472 1 2
473 1 3
474 1 3
475 1 3
476 1 2
477 1 1
478 1 2
479 1 2
480 1 1
481 1 3
482 1 3
483 1 3
484 1 1
485 1 3
486 1 2
487 1 2
488 1 3
489 1 1
490 1 1
491 1 2
492 1 2
493 1 2
494 1 1
495 1 3
496 1 1
497 1 1
498 1 3
499 1 3
500 1 3
501 1 2
502 1 2
503 1 2
504 1 3
505 1 2
506 1 1
507 1 3
508 1 1
509 1 2
510 1 1
511 1 2
512 1 3
513 1 3
514 1 2
515 1 1
516 1 2
517 1 3
518 1 2
519 1 2
520 1 3
521 1 3
522 1 2
523 1 2
524 1 1
525 1 2
526 1 3
527 1 2
528 1 3
529 1 3
530 1 3
531 1 1
532 1 2
533 1 2
534 1 1
535 1 1
536 1 2
537 1 2
538 1 1
539 1 3
540 1 2
541 1 3
542 1 3
543 1 3
544 1 2
545 1 3
546 1 1
547 1 2
548 1 2
549 1 2
550 1 2
551 1 3
552 1 2
553 1 3
554 1 3
555 1 1
556 1 3
557 1 1
558 1 2
559 1 3
560 1 3
561 1 3
562 1 1
563 1 2
564 1 1
565 1 2
566 1 1
567 1 3
568 1 1
569 1 1
570 1 2
571 1 2
572 1 3
573 1 3
574 1 1
575 1 2
576 1 2
577 1 1
578 1 2
579 1 3
580 1 3
581 1 2
582 1 3
583 1 2
584 1 2
585 1 3
586 1 3
587 1 3
588 1 2
589 1 1
590 1 2
591 1 1
592 1 2
593 1 1
594 1 2
595 1 2
596 1 3
597 1 3
598 1 1
599 1 3
600 1 1
601 1 3
602 1 2
603 1 3
604 1 3
605 1 2
606 1 3
607 1 3
608 1 2
609 1 3
610 1 3
611 1 1
612 1 2
613 1 1
614 1 2
615 1 2
616 1 3
617 1 3
618 1 3
619 1 2
620 1 2
621 1 2
622 1 2
623 1 2
624 1 3
625 1 3
626 1 3
627 1 2
628 1 3
629 1 3
630 1 3
631 1 2
632 1 2
633 1 3
634 1 3
635 1 3
636 1 1
637 1 2
638 1 3
639 1 2
640 1 2
641 1 2
642 1 2
643 1 2
644 1 3
645 1 2
646 1 3
647 1 3
648 1 3
649 1 2
650 1 3
651 1 3
652 1 2
653 1 1
654 1 3
655 1 2
656 1 2
657 1 2
658 1 2
659 1 3
660 1 3
661 1 1
662 1 2
663 1 2
664 1 1
665 1 3
666 1 2
667 1 1
668 1 2
669 1 3
670 1 2
671 1 2
672 1 2
673 1 2
674 1 3
675 1 2
676 1 2
677 1 2
678 1 2
679 1 3
680 1 2
681 1 1
682 1 3
683 1 2
684 1 2
685 1 2
686 1 2
687 1 2
688 1 3
689 1 2
690 1 2
691 1 2
692 1 1
693 1 2
694 1 1
695 1 2
696 1 3
697 1 3
698 1 2
699 1 1
700 1 3
701 1 2
702 1 2
703 1 3
704 1 3
705 1 3
706 1 3
707 1 1
708 1 3
709 1 2
710 1 3
711 1 3
712 1 2
713 1 2
714 1 2
715 1 3
716 1 1
717 1 1
718 1 3
719 1 2
720 1 2
721 1 2
722 1 3
723 1 1
724 1 2
725 1 2
726 1 1
727 1 2
728 1 2
729 1 1
730 1 2
731 1 2
732 1 3
733 1 3
734 1 2
735 1 3
736 1 1
737 1 2
738 1 3
739 1 2
740 1 1
741 1 1
742 1 1
743 1 2
744 1 3
745 1 1
746 1 3
747 1 2
748 1 2
749 1 1
750 1 1
751 1 3
752 1 2
753 1 3
754 1 2
755 1 1
756 1 2
757 1 3
758 1 3
759 1 2
760 1 1
761 1 3
762 1 1
763 1 3
764 1 2
765 1 1
766 1 2
767 1 1
768 1 3
769 1 3
770 1 3
771 1 2
772 1 2
773 1 2
774 1 2
775 1 1
776 1 3
777 1 2
778 1 2
779 1 3
780 1 1
781 1 1
782 1 3
783 1 1
784 1 3
785 1 3
786 1 2
787 1 3
788 1 1
789 1 3
790 1 1
791 1 3
792 1 2
793 1 1
794 1 3
795 1 3
796 1 3
797 1 2
798 1 3
799 1 3
800 1 3
801 1 3
802 1 2
803 1 3
804 1 2
805 1 2
806 1 2
807 1 3
808 1 2
809 1 2
810 1 2
811 1 3
812 1 3
813 1 3
814 1 3
815 1 1
816 1 3
817 1 1
818 1 2
819 1 2
820 1 1
821 1 3
822 1 3
823 1 3
824 1 3
825 1 2
826 1 2
827 1 2
828 1 1
829 1 3
830 1 1
831 1 1
832 1 3
833 1 1
834 1 2
835 1 2
836 1 3
837 1 1
838 1 1
839 1 1
840 1 3
841 1 3
842 1 1
843 1 2
844 1 3
845 1 3
846 1 2
847 1 3
848 1 3
849 1 1
850 1 2
851 1 1
852 1 2
853 1 2
854 1 2
855 1 3
856 1 2
857 1 3
858 1 3
859 1 3
860 1 2
861 1 2
862 1 1
863 1 3
864 1 3
865 1 1
866 1 2
867 1 2
868 1 3
869 1 3
870 1 2
871 1 2
872 1 1
873 1 2
874 1 2
875 1 1
876 1 2
877 1 3
878 1 1
879 1 2
880 1 2
881 1 1
882 1 2
883 1 2
884 1 2
885 1 2
886 1 2
887 1 3
888 1 2
889 1 1
890 1 1
891 1 3
892 1 2
893 1 3
894 1 2
895 1 3
896 1 3
897 1 1
898 1 2
899 1 3
900 1 2
901 1 3
902 1 2
903 1 2
904 1 2
905 1 1
906 1 2
907 1 1
908 1 3
909 1 2
910 1 2
911 1 1
912 1 1
913 1 1
914 1 3
915 1 2
916 1 2
917 1 2
918 1 1
919 1 3
920 1 2
921 1 2
922 1 3
923 1 3
924 1 2
925 1 2
926 1 1
927 1 3
928 1 2
929 1 2
930 1 2
931 1 3
932 1 3
933 1 3
934 1 2
935 1 2
936 1 3
937 1 2
938 1 1
939 1 3
940 1 1
941 1 2
942 1 3
943 1 2
944 1 1
945 1 3
946 1 3
947 1 3
948 1 1
949 1 1
950 1 1
951 1 1
952 1 3
953 1 2
954 1 3
955 1 2
956 1 2
957 1 1
958 1 1
959 1 3
960 1 3
961 1 2
962 1 3
963 1 3
964 1 2
965 1 3
966 1 2
967 1 3
968 1 3
969 1 1
970 1 1
971 1 3
972 1 2
973 1 2
974 1 2
975 1 2
976 1 1
977 1 2
978 1 1
979 1 2
980 1 1
981 1 1
982 1 3
983 1 1
984 1 2
985 1 2
986 1 3
987 1 2
988 1 1
989 1 1
990 1 1
991 1 2
992 1 2
993 1 2
994 1 2
995 1 1
996 1 3
997 1 2
998 1 2
999 1 1
1000 1 3
1001 1 1
1002 1 2
1003 1 1
1004 1 3
1005 1 3
1006 1 1
1007 1 2
1008 1 1
1009 1 3
1010 1 3
1011 1 3
1012 1 2
1013 1 2
1014 1 2
1015 1 2
1016 1 3
1017 1 3
1018 1 2
1019 1 2
1020 1 2
1021 1 3
1022 1 2
1023 1 2
1024 1 2
1025 1 1
1026 1 2
1027 1 3
1028 1 1
1029 1 1
1030 1 2
1031 1 3
1032 1 3
1033 1 3
1034 1 1
1035 1 2
1036 1 1
1037 1 3
1038 1 2
1039 1 2
1040 1 3
1041 1 3
1042 1 1
1043 1 3
1044 1 1
1045 1 2
1046 1 2
1047 1 2
1048 1 3
1049 1 2
1050 1 2
1051 1 2
1052 1 3
1053 1 1
1054 1 3
1055 1 2
1056 1 2
1057 1 2
1058 1 2
1059 1 3
1060 1 2
1061 1 2
1062 1 3
1063 1 3
1064 1 3
1065 1 2
1066 1 2
1067 1 3
1068 1 1
1069 1 3
1070 1 2
1071 1 3
1072 1 2
1073 1 1
1074 1 3
1075 1 1
1076 1 3
1077 1 2
1078 1 3
1079 1 2
1080 1 3
1081 1 3
1082 1 2
1083 1 1
1084 1 3
1085 1 2
1086 1 3
1087 1 1
1088 1 1
1089 1 3
1090 1 2
1091 1 3
1092 1 1
1093 1 2
1094 1 3
1095 1 3
1096 1 2
1097 1 2
1098 1 3
1099 1 3
1100 1 1
1101 1 3
1102 1 2
1103 1 3
1104 1 3
1105 1 2
1106 1 3
1107 1 3
1108 1 3
1109 1 1
1110 1 1
1111 1 1
1112 1 2
1113 1 1
1114 1 2
1115 1 2
1116 1 2
1117 1 2
1118 1 3
1119 1 2
1120 1 1
1121 1 3
1122 1 1
1123 1 2
1124 1 3
1125 1 3
1126 1 2
1127 1 2
1128 1 1
1129 1 2
1130 1 2
1131 1 2
1132 1 3
1133 1 1
1134 1 3
1135 1 2
1136 1 2
1137 1 3
1138 1 1
1139 1 3
1140 1 3
1141 1 3
1142 1 3
1143 1 2
1144 1 3
1145 1 2
1146 1 2
1147 1 2
1148 1 2
1149 1 2
1150 1 1
1151 1 3
1152 1 2
1153 1 2
1154 1 3
1155 1 3
1156 1 2
1157 1 2
1158 1 2
1159 1 3
1160 1 1
1161 1 3
1162 1 2
1163 1 1
1164 1 3
1165 1 2
1166 1 2
1167 1 3
1168 1 3
1169 1 1
1170 1 2
1171 1 1
1172 1 3
1173 1 2
1174 1 1
1175 1 3
1176 1 3
1177 1 2
1178 1 3
1179 1 3
1180 1 1
1181 1 3
1182 1 1
1183 1 3
1184 1 3
1185 1 2
1186 1 1
1187 1 3
1188 1 3
1189 1 3
1190 1 2
1191 1 3
1192 1 2
1193 1 2
1194 1 3
1195 1 3
1196 1 1
1197 1 1
1198 1 3
1199 1 2
1200 1 2
1201 1 2
1202 1 1
1203 1 1
1204 1 3
1205 1 3
1206 1 2
1207 1 2
1208 1 3
1209 1 3
1210 1 3
1211 1 3
1212 1 2
1213 1 2
1214 1 1
1215 1 3
1216 1 2
1217 1 2
1218 1 2
1219 1 2
1220 1 2
1221 1 2
1222 1 1
1223 1 2
1224 1 2
1225 1 3
1226 1 3
1227 1 2
1228 1 3
1229 1 3
1230 1 2
1231 1 1
1232 1 3
1233 1 2
1234 1 2
1235 1 3
1236 1 2
1237 1 2
1238 1 3
1239 1 3
1240 1 3
1241 1 3
1242 1 2
1243 1 3
1244 1 1
1245 1 1
1246 1 2
1247 1 3
1248 1 3
1249 1 2
1250 1 2
1251 1 3
1252 1 2
1253 1 2
1254 1 2
1255 1 3
1256 1 2
1257 1 3
1258 1 1
1259 1 1
1260 1 2
1261 1 3
1262 1 3
1263 1 1
1264 1 3
1265 1 3
1266 1 1
1267 1 2
1268 1 3
1269 1 3
1270 1 2
1271 1 2
1272 1 2
1273 1 1
1274 1 3
1275 1 3
1276 1 2
1277 1 2
1278 1 3
1279 1 2
1280 1 3
1281 1 1
1282 1 2
1283 1 3
1284 1 2
1285 1 3
1286 1 2
1287 1 2
1288 1 2
1289 1 3
1290 1 2
1291 1 2
1292 1 2
1293 1 1
1294 1 3
1295 1 3
1296 1 2
1297 1 1
1298 1 3
1299 1 1
1300 1 2
1301 1 2
1302 1 1
1303 1 1
1304 1 3
1305 1 3
1306 1 3
1307 1 3
1308 1 1
1309 1 3
1310 1 3
1311 1 1
1312 1 1
1313 1 3
1314 1 3
1315 1 2
1316 1 3
1317 1 3
1318 1 3
1319 1 2
1320 1 3
1321 1 1
1322 1 3
1323 1 3
1324 1 2
1325 1 2
1326 1 3
1327 1 3
1328 1 3
1329 1 2
1330 1 3
1331 1 2
1332 1 2
1333 1 2
1334 1 2
1335 1 2
1336 1 3
1337 1 2
1338 1 2
1339 1 3
1340 1 2
1341 1 1
1342 1 2
1343 1 3
1344 1 3
1345 1 2
1346 1 3
1347 1 3
1348 1 3
1349 1 2
1350 1 1
1351 1 2
1352 1 2
1353 1 3
1354 1 1
1355 1 3
1356 1 3
1357 1 2
1358 1 1
1359 1 2
1360 1 1
1361 1 3
1362 1 2
1363 1 3
1364 1 2
1365 1 1
1366 1 3
1367 1 2
1368 1 3
1369 1 3
1370 1 1
1371 1 1
1372 1 3
1373 1 2
1374 1 2
1375 1 2
1376 1 1
1377 1 1
1378 1 3
1379 1 2
1380 1 1
1381 1 3
1382 1 1
1383 1 2
1384 1 3
1385 1 2
1386 1 2
1387 1 2
1388 1 1
1389 1 2
1390 1 1
1391 1 2
1392 1 1
1393 1 3
1394 1 2
1395 1 2
1396 1 3
1397 1 3
1398 1 2
1399 1 2
1400 1 2
1401 1 3
1402 1 1
1403 1 3
1404 1 3
1405 1 3
1406 1 1
1407 1 3
1408 1 1
1409 1 2
1410 1 2
1411 1 1
1412 1 1
1413 1 3
1414 1 2
1415 1 2
1416 1 1
1417 1 2
1418 1 2
1419 1 2
1420 1 2
1421 1 2
1422 1 2
1423 1 2
1424 1 2
1425 1 1
1426 1 2
1427 1 3
1428 1 2
1429 1 3
1430 1 1
1431 1 2
1432 1 3
1433 1 3
1434 1 3
1435 1 2
1436 1 2
1437 1 1
1438 1 2
1439 1 2
1440 1 3
1441 1 3
1442 1 3
1443 1 3
1444 1 2
1445 1 2
1446 1 3
1447 1 3
1448 1 3
1449 1 3
1450 1 1
1451 1 1
1452 1 2
1453 1 1
1454 1 3
1455 1 1
1456 1 1
1457 1 2
1458 1 3
1459 1 1
1460 1 2
1461 1 1
1462 1 3
1463 1 1
1464 1 2
1465 1 2
1466 1 3
1467 1 2
1468 1 2
1469 1 2
1470 1 1
1471 1 3
1472 1 2
1473 1 2
1474 1 2
1475 1 3
1476 1 3
1477 1 3
1478 1 1
1479 1 1
1480 1 2
1481 1 2
1482 1 3
1483 1 2
1484 1 2
1485 1 1
1486 1 2
1487 1 2
1488 1 2
1489 1 2
1490 1 1
1491 1 2
1492 1 1
1493 1 3
1494 1 3
1495 1 3
1496 1 3
1497 1 2
1498 1 2
1499 1 1
1500 1 2
1501 1 1
1502 1 3
1503 1 3
1504 1 3
1505 1 2
1506 1 3
1507 1 1
1508 1 1
1509 1 3
1510 1 2
1511 1 3
1512 1 3
1513 1 3
1514 1 2
1515 1 2
1516 1 3
1517 1 1
1518 1 3
1519 1 3
1520 1 3
1521 1 3
1522 1 2
1523 1 3
1524 1 1
1525 1 2
1526 1 2
1527 1 2
1528 1 3
1529 1 2
1530 1 1
1531 1 2
1532 1 1
1533 1 3
1534 1 2
1535 1 2
1536 1 3
1537 1 3
1538 1 2
1539 1 2
1540 1 3
1541 1 2
1542 1 2
1543 1 1
1544 1 2
1545 1 2
1546 1 3
1547 1 1
1548 1 2
1549 1 2
1550 1 2
1551 1 2
1552 1 1
1553 1 2
1554 1 2
1555 1 3
1556 1 1
1557 1 2
1558 1 3
1559 1 3
1560 1 2
1561 1 3
1562 1 2
1563 1 2
1564 1 2
1565 1 3
1566 1 2
1567 1 3
1568 1 1
1569 1 3
1570 1 1
1571 1 2
1572 1 2
1573 1 2
1574 1 2
1575 1 3
1576 1 2
1577 1 1
1578 1 1
1579 1 1
1580 1 2
1581 1 3
1582 1 3
1583 1 1
1584 1 3
1585 1 2
1586 1 2
1587 1 2
1588 1 3
1589 1 2
1590 1 3
1591 1 3
1592 1 2
1593 1 2
1594 1 2
1595 1 1
1596 1 3
1597 1 1
1598 1 3
1599 1 3
1600 1 1
1601 1 3
1602 1 1
1603 1 2
1604 1 2
1605 1 2
1606 1 2
1607 1 3
1608 1 3
1609 1 2
1610 1 3
1611 1 3
1612 1 3
1613 1 3
1614 1 1
1615 1 3
1616 1 2
1617 1 3
1618 1 1
1619 1 2
1620 1 3
1621 1 3
1622 1 3
1623 1 2
1624 1 1
1625 1 2
1626 1 3
1627 1 2
1628 1 1
1629 1 2
1630 1 2
1631 1 3
1632 1 2
1633 1 1
1634 1 3
1635 1 2
1636 1 1
1637 1 1
1638 1 1
1639 1 3
1640 1 1
1641 1 2
1642 1 3
1643 1 3
1644 1 1
1645 1 3
1646 1 1
1647 1 1
1648 1 3
1649 1 2
1650 1 3
1651 1 2
1652 1 3
1653 1 2
1654 1 1
1655 1 3
1656 1 2
1657 1 2
1658 1 2
1659 1 2
1660 1 3
1661 1 3
1662 1 1
1663 1 3
1664 1 2
1665 1 2
1666 1 3
1667 1 2
1668 1 3
1669 1 1
1670 1 1
1671 1 2
1672 1 2
1673 1 3
1674 1 2
1675 1 1
1676 1 3
1677 1 3
1678 1 1
1679 1 2
1680 1 3
1681 1 3
1682 1 3
1683 1 3
1684 1 3
1685 1 3
1686 1 1
1687 1 2
1688 1 2
1689 1 1
1690 1 3
1691 1 1
1692 1 2
1693 1 3
1694 1 2
1695 1 1
1696 1 2
1697 1 1
1698 1 2
1699 1 2
1700 1 2
1701 1 3
1702 1 3
1703 1 3
1704 1 3
1705 1 2
1706 1 2
1707 1 3
1708 1 3
1709 1 1
1710 1 2
1711 1 3
1712 1 3
1713 1 1
1714 1 3
1715 1 1
1716 1 3
1717 1 3
1718 1 3
1719 1 1
1720 1 3
1721 1 1
1722 1 2
1723 1 2
1724 1 2
1725 1 2
1726 1 2
1727 1 3
1728 1 1
1729 1 2
1730 1 3
1731 1 3
1732 1 1
1733 1 2
1734 1 1
1735 1 1
1736 1 1
1737 1 2
1738 1 2
1739 1 3
1740 1 1
1741 1 3
1742 1 3
1743 1 3
1744 1 2
1745 1 3
1746 1 3
1747 1 2
1748 1 3
1749 1 2
1750 1 1
1751 1 2
1752 1 1
1753 1 3
1754 1 3
1755 1 3
1756 1 2
1757 1 3
1758 1 3
1759 1 3
1760 1 2
1761 1 1
1762 1 3
1763 1 3
1764 1 2
1765 1 2
1766 1 2
1767 1 1
1768 1 3
1769 1 2
1770 1 2
1771 1 3
1772 1 1
1773 1 2
1774 1 2
1775 1 1
1776 1 2
1777 1 3
1778 1 1
1779 1 3
1780 1 2
1781 1 2
1782 1 2
1783 1 3
1784 1 3
1785 1 1
1786 1 1
1787 1 3
1788 1 3
1789 1 1
1790 1 1
1791 1 1
1792 1 3
1793 1 1
1794 1 3
1795 1 3
1796 1 2
1797 1 2
1798 1 3
1799 1 2
1800 1 2
1801 1 3
1802 1 3
1803 1 3
1804 1 3
1805 1 1
1806 1 3
1807 1 3
1808 1 3
1809 1 2
1810 1 3
1811 1 2
1812 1 3
1813 1 3
1814 1 2
1815 1 1
1816 1 2
1817 1 3
1818 1 3
1819 1 1
1820 1 2
1821 1 2
1822 1 3
1823 1 3
1824 1 2
1825 1 1
1826 1 3
1827 1 2
1828 1 2
1829 1 3
1830 1 3
1831 1 3
1832 1 2
1833 1 2
1834 1 3
1835 1 1
1836 1 3
1837 1 3
1838 1 3
1839 1 1
1840 1 3
1841 1 2
1842 1 3
1843 1 3
1844 1 1
1845 1 2
1846 1 1
1847 1 2
1848 1 2
1849 1 2
1850 1 2
1851 1 2
1852 1 2
1853 1 1
1854 1 3
1855 1 2
1856 1 2
1857 1 1
1858 1 1
1859 1 2
1860 1 2
1861 1 2
1862 1 2
1863 1 1
1864 1 2
1865 1 1
1866 1 3
1867 1 2
1868 1 2
1869 1 3
1870 1 2
1871 1 3
1872 1 2
1873 1 2
1874 1 1
1875 1 3
1876 1 1
1877 1 2
1878 1 3
1879 1 3
1880 1 1
1881 1 1
1882 1 1
1883 1 3
1884 1 1
1885 1 3
1886 1 3
1887 1 2
1888 1 3
1889 1 3
1890 1 2
1891 1 2
1892 1 3
1893 1 1
1894 1 3
1895 1 2
1896 1 1
1897 1 1
1898 1 2
1899 1 2
1900 1 3
1901 1 2
1902 1 2
1903 1 3
1904 1 3
1905 1 2
1906 1 2
1907 1 2
1908 1 3
1909 1 2
1910 1 2
1911 1 2
1912 1 1
1913 1 3
1914 1 1
1915 1 2
1916 1 1
1917 1 3
1918 1 1
1919 1 1
1920 1 1
1921 1 2
1922 1 2
1923 1 2
1924 1 2
1925 1 1
1926 1 3
1927 1 3
1928 1 2
1929 1 2
1930 1 3
1931 1 3
1932 1 2
1933 1 3
1934 1 2
1935 1 1
1936 1 2
1937 1 2
1938 1 3
1939 1 3
1940 1 1
1941 1 2
1942 1 3
1943 1 2
1944 1 2
1945 1 1
1946 1 1
1947 1 3
1948 1 1
1949 1 3
1950 1 3
1951 1 2
1952 1 3
1953 1 2
1954 1 2
1955 1 3
1956 1 3
1957 1 3
1958 1 3
1959 1 3
1960 1 1
1961 1 3
1962 1 1
1963 1 3
1964 1 1
1965 1 1
1966 1 3
1967 1 2
1968 1 3
1969 1 3
1970 1 1
1971 1 3
1972 1 1
1973 1 2
1974 1 3
1975 1 3
1976 1 3
1977 1 3
1978 1 2
1979 1 3
1980 1 3
1981 1 1
1982 1 1
1983 1 2
1984 1 2
1985 1 3
1986 1 2
1987 1 1
1988 1 3
1989 1 2
1990 1 3
1991 1 3
1992 1 2
1993 1 1
1994 1 1
1995 1 2
1996 1 3
1997 1 1
1998 1 3
1999 1 2
2000 1 3
2001 1 3
2002 1 3
2003 1 2
2004 1 3
2005 1 3
2006 1 3
2007 1 2
2008 1 3
2009 1 2
2010 1 3
2011 1 3
2012 1 3
2013 1 3
2014 1 3
2015 1 2
2016 1 2
2017 1 3
2018 1 3
2019 1 2
2020 1 1
2021 1 2
2022 1 3
2023 1 2
2024 1 3
2025 1 3
2026 1 2
2027 1 2
2028 1 2
2029 1 1
2030 1 3
2031 1 3
2032 1 1
2033 1 3
2034 1 2
2035 1 2
2036 1 2
2037 1 3
2038 1 1
2039 1 2
2040 1 3
2041 1 2
2042 1 2
2043 1 3
2044 1 3
2045 1 1
2046 1 2
2047 1 3
2048 1 2
2049 1 2
2050 1 3
2051 1 1
2052 1 3
2053 1 1
2054 1 1
2055 1 1
2056 1 2
2057 1 1
2058 1 3
2059 1 1
2060 1 3
2061 1 2
2062 1 2
2063 1 3
2064 1 1
2065 1 3
2066 1 2
2067 1 2
2068 1 2
2069 1 2
2070 1 2
2071 1 3
2072 1 1
2073 1 2
2074 1 2
2075 1 3
2076 1 1
2077 1 2
2078 1 2
2079 1 2
2080 1 3
2081 1 1
2082 1 3
2083 1 2
2084 1 2
2085 1 2
2086 1 3
2087 1 2
2088 1 2
2089 1 2
2090 1 1
2091 1 1
2092 1 2
2093 1 3
2094 1 3
2095 1 3
2096 1 1
2097 1 3
2098 1 3
2099 1 3
2100 1 2
2101 1 2
2102 1 3
2103 1 3
2104 1 3
2105 1 2
2106 1 3
2107 1 3
2108 1 2
2109 1 1
2110 1 3
2111 1 3
2112 1 1
2113 1 3
2114 1 2
2115 1 2
2116 1 3
2117 1 3
2118 1 3
2119 1 2
2120 1 3
2121 1 2
2122 1 2
2123 1 3
2124 1 2
2125 1 2
2126 1 1
2127 1 1
2128 1 2
2129 1 3
2130 1 3
2131 1 1
2132 1 2
2133 1 2
2134 1 2
2135 1 2
2136 1 2
2137 1 2
2138 1 2
2139 1 3
2140 1 3
2141 1 3
2142 1 3
2143 1 2
2144 1 2
2145 1 2
2146 1 1
2147 1 2
2148 1 3
2149 1 1
2150 1 3
2151 1 2
2152 1 3
2153 1 3
2154 1 3
2155 1 3
2156 1 2
2157 1 2
2158 1 2
2159 1 3
2160 1 2
2161 1 3
2162 1 3
2163 1 3
2164 1 2
2165 1 2
2166 1 2
2167 1 2
2168 1 3
2169 1 1
2170 1 3
2171 1 3
2172 1 2
2173 1 3
2174 1 2
2175 1 2
2176 1 3
2177 1 1
2178 1 1
2179 1 2
2180 1 1
2181 1 3
2182 1 2
2183 1 1
2184 1 2
2185 1 3
2186 1 1
2187 1 1
2188 1 1
2189 1 2
2190 1 2
2191 1 1
2192 1 1
2193 1 3
2194 1 3
2195 1 1
2196 1 3
2197 1 3
2198 1 3
2199 1 3
2200 1 3
2201 1 2
2202 1 1
2203 1 2
2204 1 2
2205 1 2
2206 1 3
2207 1 3
2208 1 2
2209 1 3
2210 1 2
2211 1 3
2212 1 3
2213 1 3
2214 1 2
2215 1 3
2216 1 3
2217 1 2
2218 1 3
2219 1 1
2220 1 2
2221 1 3
2222 1 2
2223 1 2
2224 1 2
2225 1 3
2226 1 2
2227 1 2
2228 1 2
2229 1 3
2230 1 2
2231 1 2
2232 1 3
2233 1 3
2234 1 2
2235 1 3
2236 1 3
2237 1 1
2238 1 2
2239 1 3
2240 1 2
2241 1 2
2242 1 2
2243 1 1
2244 1 2
2245 1 2
2246 1 2
2247 1 3
2248 1 3
2249 1 2
2250 1 3
2251 1 1
2252 1 1
2253 1 3
2254 1 3
2255 1 3
2256 1 3
2257 1 2
2258 1 3
2259 1 2
2260 1 2
2261 1 1
2262 1 3
2263 1 3
2264 1 1
2265 1 2
2266 1 1
2267 1 2
2268 1 2
2269 1 2
2270 1 3
2271 1 2
2272 1 3
2273 1 2
2274 1 3
2275 1 1
2276 1 3
2277 1 3
2278 1 1
2279 1 3
2280 1 2
2281 1 3
2282 1 2
2283 1 3
2284 1 3
2285 1 2
2286 1 2
2287 1 2
2288 1 2
2289 1 3
2290 1 3
2291 1 1
2292 1 1
2293 1 3
2294 1 1
2295 1 2
2296 1 1
2297 1 2
2298 1 2
2299 1 1
2300 1 3
2301 1 2
2302 1 1
2303 1 1
2304 1 2
2305 1 2
2306 1 3
2307 1 1
2308 1 3
2309 1 2
2310 1 3
2311 1 2
2312 1 2
2313 1 2
2314 1 2
2315 1 1
2316 1 2
2317 1 2
2318 1 3
2319 1 1
2320 1 3
2321 1 1
2322 1 2
2323 1 3
2324 1 3
2325 1 1
2326 1 2
2327 1 2
2328 1 3
2329 1 2
2330 1 2
2331 1 3
2332 1 3
2333 1 3
2334 1 3
2335 1 3
2336 1 3
2337 1 2
2338 1 1
2339 1 1
2340 1 2
2341 1 3
2342 1 3
2343 1 2
2344 1 2
2345 1 3
2346 1 3
2347 1 1
2348 1 3
2349 1 3
2350 1 3
2351 1 1
2352 1 2
2353 1 3
2354 1 2
2355 1 1
2356 1 3
2357 1 2
2358 1 3
2359 1 3
2360 1 2
2361 1 2
2362 1 2
2363 1 2
2364 1 1
2365 1 1
2366 1 3
2367 1 2
2368 1 2
2369 1 2
2370 1 3
2371 1 1
2372 1 2
2373 1 2
2374 1 1
2375 1 3
2376 1 2
2377 1 3
2378 1 2
2379 1 3
2380 1 3
2381 1 2
2382 1 3
2383 1 3
2384 1 2
2385 1 1
2386 1 2
2387 1 3
2388 1 3
2389 1 3
2390 1 2
2391 1 1
2392 1 1
2393 1 2
2394 1 2
2395 1 2
2396 1 2
2397 1 2
2398 1 2
2399 1 1
2400 1 1
2401 1 1
2402 1 3
2403 1 3
2404 1 3
2405 1 2
2406 1 2
2407 1 2
2408 1 3
2409 1 1
2410 1 3
2411 1 3
2412 1 3
2413 1 2
2414 1 2
2415 1 3
2416 1 3
2417 1 2
2418 1 2
2419 1 2
2420 1 2
2421 1 1
2422 1 2
2423 1 3
2424 1 3
2425 1 3
2426 1 1
2427 1 2
2428 1 1
2429 1 2
2430 1 2
2431 1 1
2432 1 2
2433 1 2
2434 1 3
2435 1 3
2436 1 1
2437 1 2
2438 1 2
2439 1 2
2440 1 2
2441 1 1
2442 1 3
2443 1 3
2444 1 3
2445 1 3
2446 1 1
2447 1 2
2448 1 1
2449 1 1
2450 1 2
2451 1 3
2452 1 2
2453 1 3
2454 1 2
2455 1 2
2456 1 1
2457 1 2
2458 1 2
2459 1 2
2460 1 2
2461 1 3
2462 1 1
2463 1 3
2464 1 1
2465 1 1
2466 1 2
2467 1 1
2468 1 2
2469 1 1
2470 1 1
2471 1 3
2472 1 2
2473 1 3
2474 1 2
2475 1 3
2476 1 3
2477 1 2
2478 1 1
2479 1 1
2480 1 3
2481 1 3
2482 1 1
2483 1 3
2484 1 2
2485 1 2
2486 1 3
2487 1 1
2488 1 2
2489 1 2
2490 1 3
2491 1 1
2492 1 2
2493 1 3
2494 1 3
2495 1 2
2496 1 2
2497 1 2
2498 1 2
2499 1 3
2500 1 2
2501 1 1
2502 1 3
2503 1 3
2504 1 3
2505 1 3
2506 1 3
2507 1 2
2508 1 1
2509 1 3
2510 1 2
2511 1 2
2512 1 3
2513 1 3
2514 1 2
2515 1 1
2516 1 2
2517 1 3
2518 1 2
2519 1 3
2520 1 2
2521 1 3
2522 1 2
2523 1 3
2524 1 1
2525 1 3
2526 1 1
2527 1 3
2528 1 3
2529 1 2
2530 1 2
2531 1 3
2532 1 3
2533 1 1
2534 1 2
2535 1 2
2536 1 3
2537 1 1
2538 1 3
2539 1 2
2540 1 3
2541 1 3
2542 1 2
2543 1 2
2544 1 2
2545 1 2
2546 1 2
2547 1 3
2548 1 3
2549 1 1
2550 1 3
2551 1 3
2552 1 3
2553 1 1
2554 1 2
2555 1 3
2556 1 3
2557 1 3
2558 1 2
2559 1 2
2560 1 3
2561 1 3
2562 1 1
2563 1 3
2564 1 2
2565 1 3
2566 1 1
2567 1 3
2568 1 2
2569 1 3
2570 1 2
2571 1 1
2572 1 2
2573 1 3
2574 1 2
2575 1 3
2576 1 3
2577 1 1
2578 1 2
2579 1 3
2580 1 3
2581 1 3
2582 1 3
2583 1 1
2584 1 2
2585 1 3
2586 1 2
2587 1 1
2588 1 2
2589 1 3
2590 1 2
2591 1 3
2592 1 2
2593 1 3
2594 1 3
2595 1 3
2596 1 1
2597 1 1
2598 1 1
2599 1 2
2600 1 3
2601 1 3
2602 1 3
2603 1 2
2604 1 2
2605 1 2
2606 1 3
2607 1 1
2608 1 1
2609 1 2
2610 1 2
2611 1 2
2612 1 3
2613 1 3
2614 1 2
2615 1 2
2616 1 2
2617 1 1
2618 1 3
2619 1 3
2620 1 3
2621 1 1
2622 1 2
2623 1 3
2624 1 3
2625 1 1
2626 1 3
2627 1 2
2628 1 3
2629 1 1
2630 1 2
2631 1 2
2632 1 1
2633 1 3
2634 1 2
2635 1 2
2636 1 2
2637 1 1
2638 1 3
2639 1 1
2640 1 3
2641 1 3
2642 1 3
2643 1 1
2644 1 3
2645 1 3
2646 1 3
2647 1 1
2648 1 1
2649 1 3
2650 1 3
2651 1 2
2652 1 1
2653 1 2
2654 1 3
2655 1 1
2656 1 2
2657 1 2
2658 1 3
2659 1 2
2660 1 2
2661 1 1
2662 1 2
2663 1 1
2664 1 3
2665 1 2
2666 1 2
2667 1 2
2668 1 3
2669 1 3
2670 1 1
2671 1 2
2672 1 2
2673 1 1
2674 1 1
2675 1 2
2676 1 2
2677 1 3
2678 1 2
2679 1 3
2680 1 3
2681 1 3
2682 1 2
2683 1 2
2684 1 2
2685 1 1
2686 1 1
2687 1 1
2688 1 1
2689 1 1
2690 1 1
2691 1 2
2692 1 3
2693 1 3
2694 1 3
2695 1 3
2696 1 2
2697 1 3
2698 1 3
2699 1 2
2700 1 3
2701 1 1
2702 1 3
2703 1 2
2704 1 3
2705 1 2
2706 1 2
2707 1 2
2708 1 3
2709 1 2
2710 1 2
2711 1 3
2712 1 3
2713 1 3
2714 1 2
2715 1 2
2716 1 3
2717 1 2
2718 1 2
2719 1 1
2720 1 1
2721 1 1
2722 1 1
2723 1 1
2724 1 3
2725 1 2
2726 1 3
2727 1 2
2728 1 3
2729 1 3
2730 1 2
2731 1 3
2732 1 3
2733 1 1
2734 1 2
2735 1 3
2736 1 1
2737 1 3
2738 1 1
2739 1 2
2740 1 3
2741 1 2
2742 1 1
2743 1 1
2744 1 3
2745 1 2
2746 1 1
2747 1 1
2748 1 3
2749 1 2
2750 1 2
2751 1 3
2752 1 1
2753 1 3
2754 1 1
2755 1 3
2756 1 2
2757 1 3
2758 1 1
2759 1 3
2760 1 2
2761 1 1
2762 1 3
2763 1 1
2764 1 3
2765 1 2
2766 1 3
2767 1 3
2768 1 3
2769 1 2
2770 1 2
2771 1 3
2772 1 1
2773 1 3
2774 1 2
2775 1 2
2776 1 3
2777 1 2
2778 1 2
2779 1 1
2780 1 3
2781 1 3
2782 1 2
2783 1 1
2784 1 3
2785 1 1
2786 1 1
2787 1 2
2788 1 1
2789 1 2
2790 1 2
2791 1 2
2792 1 1
2793 1 2
2794 1 1
2795 1 1
2796 1 3
2797 1 3
2798 1 3
2799 1 2
2800 1 1
2801 1 1
2802 1 3
2803 1 3
2804 1 2
2805 1 2
2806 1 2
2807 1 2
2808 1 2
2809 1 2
2810 1 1
2811 1 1
2812 1 2
2813 1 3
2814 1 2
2815 1 3
2816 1 1
2817 1 1
2818 1 3
2819 1 3
2820 1 2
2821 1 2
2822 1 1
2823 1 2
2824 1 3
2825 1 3
2826 1 2
2827 1 3
2828 1 2
2829 1 3
2830 1 3
2831 1 3
2832 1 3
2833 1 2
2834 1 1
2835 1 1
2836 1 3
2837 1 2
2838 1 3
2839 1 3
2840 1 2
2841 1 3
2842 1 3
2843 1 3
2844 1 2
2845 1 3
2846 1 3
2847 1 2
2848 1 2
2849 1 1
2850 1 3
2851 1 1
2852 1 3
2853 1 1
2854 1 3
2855 1 2
2856 1 1
2857 1 2
2858 1 2
2859 1 1
2860 1 3
2861 1 2
2862 1 3
2863 1 2
2864 1 2
2865 1 1
2866 1 2
2867 1 3
2868 1 1
2869 1 3
2870 1 3
2871 1 3
2872 1 2
2873 1 2
2874 1 2
2875 1 3
2876 1 2
2877 1 1
2878 1 1
2879 1 2
2880 1 1
2881 1 2
2882 1 1
2883 1 3
2884 1 1
2885 1 3
2886 1 3
2887 1 2
2888 1 2
2889 1 2
2890 1 3
2891 1 3
2892 1 2
2893 1 2
2894 1 1
2895 1 2
2896 1 2
2897 1 1
2898 1 2
2899 1 2
2900 1 3
2901 1 3
2902 1 3
2903 1 1
2904 1 2
2905 1 2
2906 1 2
2907 1 3
2908 1 1
2909 1 1
2910 1 2
2911 1 1
2912 1 2
2913 1 3
2914 1 3
2915 1 2
2916 1 3
2917 1 1
2918 1 1
2919 1 2
2920 1 1
2921 1 3
2922 1 1
2923 1 2
2924 1 1
2925 1 2
2926 1 3
2927 1 2
2928 1 3
2929 1 3
2930 1 3
2931 1 2
2932 1 3
2933 1 1
2934 1 3
2935 1 3
2936 1 1
2937 1 2
2938 1 2
2939 1 1
2940 1 2
2941 1 3
2942 1 3
2943 1 2
2944 1 2
2945 1 3
2946 1 2
2947 1 3
2948 1 3
2949 1 2
2950 1 3
2951 1 2
2952 1 3
2953 1 2
2954 1 3
2955 1 2
2956 1 1
2957 1 2
2958 1 2
2959 1 1
2960 1 3
2961 1 2
2962 1 2
2963 1 3
2964 1 2
2965 1 3
2966 1 3
2967 1 3
2968 1 2
2969 1 1
2970 1 2
2971 1 3
2972 1 2
2973 1 3
2974 1 1
2975 1 3
2976 1 2
2977 1 2
2978 1 2
2979 1 1
2980 1 1
2981 1 1
2982 1 2
2983 1 2
2984 1 3
2985 1 3
2986 1 2
2987 1 3
2988 1 3
2989 1 3
2990 1 2
2991 1 2
2992 1 3
2993 1 2
2994 1 2
2995 1 2
2996 1 1
2997 1 3
2998 1 2
2999 1 2
3000 1 2
3001 1 3
3002 1 3
3003 1 3
3004 1 1
3005 1 2
3006 1 2
3007 1 1
3008 1 2
3009 1 3
3010 1 2
3011 1 2
3012 1 3
3013 1 2
3014 1 3
3015 1 2
3016 1 1
3017 1 2
3018 1 1
3019 1 3
3020 1 1
3021 1 2
3022 1 1
3023 1 2
3024 1 2
3025 1 2
3026 1 2
3027 1 2
3028 1 1
3029 1 1
3030 1 1
3031 1 1
3032 1 1
3033 1 3
3034 1 2
3035 1 1
3036 1 3
3037 1 2
3038 1 2
3039 1 2
3040 1 2
3041 1 1
3042 1 2
3043 1 2
3044 1 1
3045 1 3
3046 1 2
3047 1 2
3048 1 3
3049 1 3
3050 1 1
3051 1 2
3052 1 2
3053 1 2
3054 1 2
3055 1 2
3056 1 2
3057 1 2
3058 1 2
3059 1 1
3060 1 1
3061 1 2
3062 1 1
3063 1 3
3064 1 2
3065 1 2
3066 1 3
3067 1 3
3068 1 1
3069 1 3
3070 1 3
3071 1 2
3072 1 1
3073 1 3
3074 1 2
3075 1 3
3076 1 2
3077 1 3
3078 1 1
3079 1 3
3080 1 2
3081 1 1
3082 1 1
3083 1 3
3084 1 2
3085 1 3
3086 1 3
3087 1 2
3088 1 1
3089 1 2
3090 1 2
3091 1 1
3092 1 2
3093 1 3
3094 1 2
3095 1 3
3096 1 1
3097 1 1
3098 1 2
3099 1 3
3100 1 1
3101 1 2
3102 1 2
3103 1 1
3104 1 2
3105 1 3
3106 1 3
3107 1 3
3108 1 3
3109 1 3
3110 1 2
3111 1 3
3112 1 3
3113 1 3
3114 1 3
3115 1 3
3116 1 3
3117 1 2
3118 1 2
3119 1 3
3120 1 2
3121 1 1
3122 1 2
3123 1 2
3124 1 2
3125 1 1
3126 1 3
3127 1 1
3128 1 3
3129 1 2
3130 1 2
3131 1 3
3132 1 3
3133 1 3
3134 1 3
3135 1 3
3136 1 3
3137 1 3
3138 1 2
3139 1 2
3140 1 1
3141 1 3
3142 1 1
3143 1 1
3144 1 2
3145 1 2
3146 1 3
3147 1 3
3148 1 3
3149 1 1
3150 1 2
3151 1 1
3152 1 1
3153 1 1
3154 1 1
3155 1 3
3156 1 3
3157 1 3
3158 1 2
3159 1 3
3160 1 3
3161 1 2
3162 1 1
3163 1 1
3164 1 1
3165 1 1
3166 1 2
3167 1 1
3168 1 3
3169 1 2
3170 1 1
3171 1 3
3172 1 1
3173 1 2
3174 1 2
3175 1 3
3176 1 3
3177 1 1
3178 1 1
3179 1 3
3180 1 2
3181 1 3
3182 1 1
3183 1 2
3184 1 2
3185 1 1
3186 1 1
3187 1 3
3188 1 2
3189 1 3
3190 1 3
3191 1 2
3192 1 3
3193 1 3
3194 1 2
3195 1 2
3196 1 3
3197 1 3
3198 1 3
3199 1 1
3200 1 2
3201 1 2
3202 1 2
3203 1 3
3204 1 2
3205 1 3
3206 1 1
3207 1 2
3208 1 2
3209 1 2
3210 1 1
3211 1 1
3212 1 1
3213 1 3
3214 1 2
3215 1 2
3216 1 2
3217 1 3
3218 1 2
3219 1 3
3220 1 2
3221 1 3
3222 1 2
3223 1 2
3224 1 1
3225 1 3
3226 1 1
3227 1 2
3228 1 2
3229 1 2
3230 1 3
3231 1 3
3232 1 1
3233 1 2
3234 1 2
3235 1 3
3236 1 2
3237 1 2
3238 1 3
3239 1 1
3240 1 2
3241 1 2
3242 1 2
3243 1 3
3244 1 2
3245 1 3
3246 1 1
3247 1 3
3248 1 3
3249 1 1
3250 1 3
3251 1 1
3252 1 2
3253 1 3
3254 1 3
3255 1 2
3256 1 2
3257 1 2
3258 1 3
3259 1 3
3260 1 2
3261 1 3
3262 1 3
3263 1 2
3264 1 3
3265 1 1
3266 1 2
3267 1 3
3268 1 3
3269 1 3
3270 1 3
3271 1 2
3272 1 1
3273 1 3
3274 1 2
3275 1 2
3276 1 3
3277 1 3
3278 1 2
3279 1 3
3280 1 3
3281 1 2
3282 1 2
3283 1 2
3284 1 3
3285 1 3
3286 1 1
3287 1 3
3288 1 3
3289 1 1
3290 1 2
3291 1 3
3292 1 3
3293 1 3
3294 1 2
3295 1 1
3296 1 2
3297 1 3
3298 1 2
3299 1 1
3300 1 2
3301 1 2
3302 1 2
3303 1 2
3304 1 3
3305 1 2
3306 1 2
3307 1 3
3308 1 2
3309 1 2
3310 1 3
3311 1 2
3312 1 3
3313 1 2
3314 1 3
3315 1 2
3316 1 3
3317 1 2
3318 1 2
3319 1 3
3320 1 3
3321 1 1
3322 1 3
3323 1 3
3324 1 3
3325 1 1
3326 1 2
3327 1 3
3328 1 3
3329 1 3
3330 1 2
3331 1 1
3332 1 3
3333 1 3
3334 1 3
3335 1 2
3336 1 2
3337 1 2
3338 1 1
3339 1 3
3340 1 3
3341 1 3
3342 1 3
3343 1 1
3344 1 2
3345 1 2
3346 1 3
3347 1 1
3348 1 2
3349 1 2
3350 1 3
3351 1 1
3352 1 1
3353 1 1
3354 1 2
3355 1 3
3356 1 3
3357 1 3
3358 1 1
3359 1 2
3360 1 3
3361 1 2
3362 1 3
3363 1 2
3364 1 1
3365 1 3
3366 1 3
3367 1 1
3368 1 3
3369 1 2
3370 1 3
3371 1 3
3372 1 2
3373 1 3
3374 1 2
3375 1 3
3376 1 3
3377 1 2
3378 1 3
3379 1 3
3380 1 1
3381 1 1
3382 1 3
3383 1 2
3384 1 3
3385 1 3
3386 1 1
3387 1 3
3388 1 1
3389 1 3
3390 1 3
3391 1 1
3392 1 3
3393 1 2
3394 1 1
3395 1 1
3396 1 3
3397 1 3
3398 1 3
3399 1 1
3400 1 1
3401 1 1
3402 1 3
3403 1 1
3404 1 1
3405 1 3
3406 1 3
3407 1 2
3408 1 3
3409 1 2
3410 1 3
3411 1 1
3412 1 1
3413 1 2
3414 1 2
3415 1 3
3416 1 2
3417 1 2
3418 1 3
3419 1 3
3420 1 1
3421 1 3
3422 1 3
3423 1 2
3424 1 2
3425 1 2
3426 1 3
3427 1 1
3428 1 3
3429 1 1
3430 1 1
3431 1 1
3432 1 3
3433 1 3
3434 1 3
3435 1 2
3436 1 3
3437 1 2
3438 1 3
3439 1 3
3440 1 1
3441 1 3
3442 1 2
3443 1 1
3444 1 2
3445 1 3
3446 1 1
3447 1 3
3448 1 1
3449 1 1
3450 1 2
3451 1 2
3452 1 2
3453 1 2
3454 1 3
3455 1 2
3456 1 3
3457 1 3
3458 1 3
3459 1 2
3460 1 3
3461 1 3
3462 1 3
3463 1 1
3464 1 3
3465 1 1
3466 1 1
3467 1 1
3468 1 3
3469 1 3
3470 1 1
3471 1 1
3472 1 2
3473 1 3
3474 1 2
3475 1 2
3476 1 2
3477 1 1
3478 1 3
3479 1 1
3480 1 3
3481 1 1
3482 1 3
3483 1 2
3484 1 3
3485 1 3
3486 1 3
3487 1 3
3488 1 3
3489 1 3
3490 1 3
3491 1 2
3492 1 2
3493 1 1
3494 1 3
3495 1 3
3496 1 1
3497 1 2
3498 1 3
3499 1 2
3500 1 3
3501 1 2
3502 1 3
3503 1 2
3504 1 3
3505 1 3
3506 1 2
3507 1 2
3508 1 2
3509 1 3
3510 1 1
3511 1 2
3512 1 1
3513 1 1
3514 1 2
3515 1 3
3516 1 3
3517 1 3
3518 1 3
3519 1 3
3520 1 3
3521 1 1
3522 1 3
3523 1 1
3524 1 2
3525 1 1
3526 1 3
3527 1 3
3528 1 3
3529 1 1
3530 1 3
3531 1 2
3532 1 3
3533 1 2
3534 1 2
3535 1 2
3536 1 3
3537 1 2
3538 1 2
3539 1 1
3540 1 3
3541 1 2
3542 1 2
3543 1 3
3544 1 3
3545 1 2
3546 1 2
3547 1 2
3548 1 1
3549 1 3
3550 1 2
3551 1 3
3552 1 2
3553 1 2
3554 1 2
3555 1 3
3556 1 2
3557 1 2
3558 1 3
3559 1 3
3560 1 3
3561 1 2
3562 1 2
3563 1 1
3564 1 3
3565 1 2
3566 1 2
3567 1 3
3568 1 2
3569 1 2
3570 1 1
3571 1 1
3572 1 3
3573 1 1
3574 1 1
3575 1 3
3576 1 2
3577 1 2
3578 1 3
3579 1 3
3580 1 2
3581 1 3
3582 1 3
3583 1 2
3584 1 2
3585 1 3
3586 1 2
3587 1 2
3588 1 2
3589 1 2
3590 1 3
3591 1 1
3592 1 2
3593 1 1
3594 1 2
3595 1 2
3596 1 1
3597 1 3
3598 1 3
3599 1 2
3600 1 3
3601 1 2
3602 1 2
3603 1 3
3604 1 1
3605 1 1
3606 1 3
3607 1 2
3608 1 3
3609 1 2
3610 1 2
3611 1 3
3612 1 3
3613 1 1
3614 1 2
3615 1 3
3616 1 1
3617 1 3
3618 1 1
3619 1 2
3620 1 2
3621 1 3
3622 1 1
3623 1 3
3624 1 3
3625 1 3
3626 1 3
3627 1 3
3628 1 2
3629 1 3
3630 1 2
3631 1 3
3632 1 1
3633 1 2
3634 1 3
3635 1 2
3636 1 3
3637 1 3
3638 1 1
3639 1 1
3640 1 2
3641 1 3
3642 1 2
3643 1 2
3644 1 1
3645 1 1
3646 1 1
3647 1 2
3648 1 3
3649 1 2
3650 1 1
3651 1 2
3652 1 3
3653 1 3
3654 1 2
3655 1 3
3656 1 3
3657 1 3
3658 1 3
3659 1 3
3660 1 3
3661 1 2
3662 1 1
3663 1 2
3664 1 3
3665 1 3
3666 1 1
3667 1 1
3668 1 3
3669 1 1
3670 1 2
3671 1 2
3672 1 3
3673 1 1
3674 1 3
3675 1 2
3676 1 2
3677 1 3
3678 1 1
3679 1 2
3680 1 2
3681 1 3
3682 1 1
3683 1 3
3684 1 2
3685 1 3
3686 1 3
3687 1 2
3688 1 1
3689 1 3
3690 1 3
3691 1 2
3692 1 2
3693 1 1
3694 1 2
3695 1 3
3696 1 2
3697 1 3
3698 1 3
3699 1 3
3700 1 3
3701 1 2
3702 1 2
3703 1 2
3704 1 2
3705 1 2
3706 1 3
3707 1 3
3708 1 2
3709 1 2
3710 1 3
3711 1 3
3712 1 2
3713 1 3
3714 1 2
3715 1 3
3716 1 3
3717 1 1
3718 1 3
3719 1 2
3720 1 3
3721 1 1
3722 1 2
3723 1 2
3724 1 1
3725 1 2
3726 1 3
3727 1 3
3728 1 3
3729 1 3
3730 1 2
3731 1 3
3732 1 2
3733 1 2
3734 1 3
3735 1 3
3736 1 3
3737 1 2
3738 1 2
3739 1 2
3740 1 2
3741 1 1
3742 1 2
3743 1 2
3744 1 2
3745 1 2
3746 1 3
3747 1 2
3748 1 3
3749 1 2
3750 1 3
3751 1 2
3752 1 3
3753 1 3
3754 1 2
3755 1 3
3756 1 3
3757 1 3
3758 1 1
3759 1 2
3760 1 3
3761 1 1
3762 1 1
3763 1 3
3764 1 3
3765 1 3
3766 1 2
3767 1 1
3768 1 3
3769 1 3
3770 1 1
3771 1 2
3772 1 3
3773 1 3
3774 1 1
3775 1 2
3776 1 2
3777 1 2
3778 1 2
3779 1 2
3780 1 3
3781 1 2
3782 1 2
3783 1 2
3784 1 3
3785 1 1
3786 1 2
3787 1 3
3788 1 3
3789 1 3
3790 1 2
3791 1 2
3792 1 3
3793 1 1
3794 1 2
3795 1 2
3796 1 1
3797 1 2
3798 1 3
3799 1 3
3800 1 3
3801 1 3
3802 1 2
3803 1 1
3804 1 3
3805 1 1
3806 1 2
3807 1 3
3808 1 2
3809 1 3
3810 1 2
3811 1 1
3812 1 2
3813 1 3
3814 1 1
3815 1 1
3816 1 3
3817 1 1
3818 1 1
3819 1 2
3820 1 3
3821 1 1
3822 1 1
3823 1 2
3824 1 3
3825 1 2
3826 1 2
3827 1 3
3828 1 3
3829 1 2
3830 1 2
3831 1 2
3832 1 2
3833 1 3
3834 1 1
3835 1 2
3836 1 3
3837 1 2
3838 1 1
3839 1 2
3840 1 2
3841 1 3
3842 1 3
3843 1 3
3844 1 3
3845 1 3
3846 1 2
3847 1 2
3848 1 3
3849 1 2
3850 1 3
3851 1 1
3852 1 3
3853 1 3
3854 1 3
3855 1 3
3856 1 1
3857 1 3
3858 1 2
3859 1 1
3860 1 2
3861 1 1
3862 1 1
3863 1 2
3864 1 3
3865 1 2
3866 1 1
3867 1 1
3868 1 3
3869 1 1
3870 1 2
3871 1 3
3872 1 2
3873 1 2
3874 1 2
3875 1 1
3876 1 2
3877 1 1
3878 1 2
3879 1 1
3880 1 2
3881 1 2
3882 1 2
3883 1 3
3884 1 2
3885 1 3
3886 1 3
3887 1 3
3888 1 2
3889 1 3
3890 1 3
3891 1 3
3892 1 3
3893 1 1
3894 1 3
3895 1 2
3896 1 1
3897 1 2
3898 1 3
3899 1 1
3900 1 3
3901 1 3
3902 1 3
3903 1 2
3904 1 3
3905 1 2
3906 1 3
3907 1 3
3908 1 1
3909 1 1
3910 1 2
3911 1 3
3912 1 3
3913 1 2
3914 1 1
3915 1 2
3916 1 1
3917 1 1
3918 1 2
3919 1 3
3920 1 3
3921 1 3
3922 1 1
3923 1 3
3924 1 1
3925 1 2
3926 1 2
3927 1 3
3928 1 2
3929 1 2
3930 1 1
3931 1 1
3932 1 2
3933 1 2
3934 1 3
3935 1 2
3936 1 2
3937 1 3
3938 1 2
3939 1 2
3940 1 1
3941 1 2
3942 1 2
3943 1 1
3944 1 3
3945 1 3
3946 1 2
3947 1 3
3948 1 3
3949 1 3
3950 1 2
3951 1 3
3952 1 2
3953 1 3
3954 1 2
3955 1 3
3956 1 2
3957 1 2
3958 1 2
3959 1 3
3960 1 2
3961 1 1
3962 1 3
3963 1 2
3964 1 2
3965 1 2
3966 1 3
3967 1 2
3968 1 1
3969 1 2
3970 1 3
3971 1 2
3972 1 2
3973 1 3
3974 1 3
3975 1 3
3976 1 3
3977 1 2
3978 1 2
3979 1 3
3980 1 3
3981 1 1
3982 1 2
3983 1 3
3984 1 2
3985 1 2
3986 1 2
3987 1 2
3988 1 2
3989 1 3
3990 1 3
3991 1 3
3992 1 2
3993 1 1
3994 1 2
3995 1 3
3996 1 1
3997 1 2
3998 1 3
3999 1 3
4000 1 3
4001 1 1
4002 1 2
4003 1 3
4004 1 3
4005 1 1
4006 1 2
4007 1 2
4008 1 2
4009 1 2
4010 1 1
4011 1 1
4012 1 1
4013 1 2
4014 1 3
4015 1 1
4016 1 3
4017 1 3
4018 1 3
4019 1 1
4020 1 3
4021 1 2
4022 1 1
4023 1 2
4024 1 2
4025 1 3
4026 1 3
4027 1 3
4028 1 2
4029 1 3
4030 1 3
4031 1 3
4032 1 3
4033 1 1
4034 1 2
4035 1 3
4036 1 3
4037 1 3
4038 1 2
4039 1 3
4040 1 3
4041 1 2
4042 1 3
4043 1 3
4044 1 2
4045 1 2
4046 1 3
4047 1 1
4048 1 3
4049 1 3
4050 1 2
4051 1 2
4052 1 3
4053 1 3
4054 1 3
4055 1 1
4056 1 3
4057 1 2
4058 1 2
4059 1 3
4060 1 3
4061 1 1
4062 1 3
4063 1 2
4064 1 3
4065 1 1
4066 1 3
4067 1 2
4068 1 1
4069 1 1
4070 1 3
4071 1 2
4072 1 2
4073 1 3
4074 1 2
4075 1 1
4076 1 1
4077 1 3
4078 1 3
4079 1 2
4080 1 1
4081 1 2
4082 1 2
4083 1 1
4084 1 3
4085 1 3
4086 1 1
4087 1 3
4088 1 3
4089 1 1
4090 1 3
4091 1 2
4092 1 1
4093 1 3
4094 1 2
4095 1 2
4096 1 2
4097 1 2
4098 1 1
4099 1 3
4100 1 3
4101 1 2
4102 1 2
4103 1 1
4104 1 1
4105 1 3
4106 1 3
4107 1 3
4108 1 2
4109 1 3
4110 1 2
4111 1 1
4112 1 2
4113 1 2
4114 1 3
4115 1 2
4116 1 3
4117 1 2
4118 1 2
4119 1 2
4120 1 3
4121 1 2
4122 1 1
4123 1 1
4124 1 2
4125 1 1
4126 1 1
4127 1 2
4128 1 2
4129 1 1
4130 1 3
4131 1 3
4132 1 1
4133 1 1
4134 1 1
4135 1 1
4136 1 1
4137 1 2
4138 1 2
4139 1 3
4140 1 2
4141 1 1
4142 1 3
4143 1 2
4144 1 3
4145 1 2
4146 1 2
4147 1 2
4148 1 3
4149 1 2
4150 1 3
4151 1 3
4152 1 3
4153 1 2
4154 1 2
4155 1 1
4156 1 2
4157 1 1
4158 1 2
4159 1 3
4160 1 2
4161 1 3
4162 1 3
4163 1 3
4164 1 3
4165 1 1
4166 1 2
4167 1 1
4168 1 1
4169 1 2
4170 1 1
4171 1 2
4172 1 3
4173 1 2
4174 1 3
4175 1 1
4176 1 2
4177 1 3
4178 1 3
4179 1 2
4180 1 1
4181 1 3
4182 1 2
4183 1 3
4184 1 3
4185 1 2
4186 1 2
4187 1 3
4188 1 2
4189 1 1
4190 1 2
4191 1 2
4192 1 3
4193 1 2
4194 1 2
4195 1 3
4196 1 3
4197 1 1
4198 1 3
4199 1 3
4200 1 3
4201 1 2
4202 1 3
4203 1 3
4204 1 2
4205 1 1
4206 1 1
4207 1 2
4208 1 3
4209 1 2
4210 1 3
4211 1 3
4212 1 1
4213 1 3
4214 1 3
4215 1 2
4216 1 3
4217 1 3
4218 1 2
4219 1 3
4220 1 2
4221 1 3
4222 1 2
4223 1 2
4224 1 3
4225 1 1
4226 1 1
4227 1 3
4228 1 2
4229 1 3
4230 1 3
4231 1 2
4232 1 1
4233 1 3
4234 1 2
4235 1 3
4236 1 1
4237 1 3
4238 1 2
4239 1 2
4240 1 3
4241 1 3
4242 1 1
4243 1 3
4244 1 3
4245 1 2
4246 1 1
4247 1 2
4248 1 2
4249 1 3
4250 1 2
4251 1 2
4252 1 3
4253 1 3
4254 1 2
4255 1 1
4256 1 1
4257 1 2
4258 1 3
4259 1 1
4260 1 2
4261 1 1
4262 1 2
4263 1 2
4264 1 2
4265 1 2
4266 1 2
4267 1 3
4268 1 1
4269 1 3
4270 1 3
4271 1 3
4272 1 3
4273 1 2
4274 1 3
4275 1 3
4276 1 3
4277 1 2
4278 1 2
4279 1 3
4280 1 3
4281 1 2
4282 1 3
4283 1 2
4284 1 1
4285 1 3
4286 1 2
4287 1 2
4288 1 3
4289 1 2
4290 1 3
4291 1 1
4292 1 3
4293 1 3
4294 1 3
4295 1 2
4296 1 3
4297 1 1
4298 1 1
4299 1 3
4300 1 3
4301 1 2
4302 1 2
4303 1 2
4304 1 3
4305 1 1
4306 1 1
4307 1 2
4308 1 3
4309 1 2
4310 1 1
4311 1 2
4312 1 3
4313 1 2
4314 1 1
4315 1 3
4316 1 2
4317 1 2
4318 1 2
4319 1 3
4320 1 3
4321 1 3
4322 1 2
4323 1 1
4324 1 1
4325 1 3
4326 1 2
4327 1 2
4328 1 3
4329 1 2
4330 1 2
4331 1 2
4332 1 2
4333 1 2
4334 1 2
4335 1 2
4336 1 2
4337 1 2
4338 1 3
4339 1 3
4340 1 3
4341 1 3
4342 1 3
4343 1 2
4344 1 2
4345 1 2
4346 1 3
4347 1 2
4348 1 3
4349 1 3
4350 1 1
4351 1 3
4352 1 3
4353 1 2
4354 1 3
4355 1 3
4356 1 2
4357 1 2
4358 1 2
4359 1 3
4360 1 2
4361 1 3
4362 1 1
4363 1 2
4364 1 3
4365 1 3
4366 1 3
4367 1 2
4368 1 3
4369 1 3
4370 1 3
4371 1 2
4372 1 2
4373 1 2
4374 1 2
4375 1 3
4376 1 3
4377 1 3
4378 1 3
4379 1 3
4380 1 1
4381 1 3
4382 1 2
4383 1 2
4384 1 3
4385 1 2
4386 1 3
4387 1 3
4388 1 3
4389 1 3
4390 1 3
4391 1 3
4392 1 2
4393 1 3
4394 1 3
4395 1 1
4396 1 2
4397 1 3
4398 1 2
4399 1 3
4400 1 1
4401 1 3
4402 1 1
4403 1 3
4404 1 3
4405 1 2
4406 1 3
4407 1 2
4408 1 1
4409 1 3
4410 1 2
4411 1 1
4412 1 3
4413 1 1
4414 1 2
4415 1 3
4416 1 2
4417 1 3
4418 1 3
4419 1 3
4420 1 1
4421 1 3
4422 1 1
4423 1 3
4424 1 3
4425 1 3
4426 1 2
4427 1 3
4428 1 3
4429 1 2
4430 1 3
4431 1 2
4432 1 2
4433 1 1
4434 1 3
4435 1 2
4436 1 1
4437 1 3
4438 1 2
4439 1 3
4440 1 3
4441 1 3
4442 1 2
4443 1 3
4444 1 2
4445 1 2
4446 1 2
4447 1 2
4448 1 1
4449 1 3
4450 1 1
4451 1 3
4452 1 2
4453 1 3
4454 1 1
4455 1 2
4456 1 2
4457 1 2
4458 1 1
4459 1 2
4460 1 3
4461 1 3
4462 1 3
4463 1 1
4464 1 3
4465 1 2
4466 1 3
4467 1 3
4468 1 2
4469 1 2
4470 1 2
4471 1 1
4472 1 1
4473 1 2
4474 1 2
4475 1 2
4476 1 3
4477 1 2
4478 1 3
4479 1 1
4480 1 2
4481 1 3
4482 1 3
4483 1 3
4484 1 3
4485 1 2
4486 1 3
4487 1 2
4488 1 2
4489 1 3
4490 1 3
4491 1 1
4492 1 1
4493 1 3
4494 1 1
4495 1 2
4496 1 3
4497 1 3
4498 1 3
4499 1 3
4500 1 2
4501 1 3
4502 1 3
4503 1 2
4504 1 3
4505 1 3
4506 1 2
4507 1 1
4508 1 3
4509 1 1
4510 1 2
4511 1 1
4512 1 2
4513 1 3
4514 1 3
4515 1 1
4516 1 3
4517 1 2
4518 1 2
4519 1 2
4520 1 1
4521 1 3
4522 1 3
4523 1 2
4524 1 2
4525 1 2
4526 1 3
4527 1 3
4528 1 2
4529 1 3
4530 1 2
4531 1 2
4532 1 2
4533 1 3
4534 1 2
4535 1 2
4536 1 2
4537 1 1
4538 1 3
4539 1 2
4540 1 1
4541 1 2
4542 1 2
4543 1 1
4544 1 2
4545 1 1
4546 1 1
4547 1 3
4548 1 2
4549 1 1
4550 1 1
4551 1 3
4552 1 2
4553 1 3
4554 1 3
4555 1 1
4556 1 2
4557 1 1
4558 1 3
4559 1 3
4560 1 3
4561 1 2
4562 1 2
4563 1 1
4564 1 2
4565 1 2
4566 1 1
4567 1 3
4568 1 2
4569 1 2
4570 1 1
4571 1 2
4572 1 1
4573 1 3
4574 1 2
4575 1 2
4576 1 1
4577 1 2
4578 1 3
4579 1 2
4580 1 2
4581 1 2
4582 1 3
4583 1 3
4584 1 2
4585 1 1
4586 1 3
4587 1 3
4588 1 1
4589 1 2
4590 1 3
4591 1 2
4592 1 2
4593 1 1
4594 1 3
4595 1 1
4596 1 3
4597 1 2
4598 1 3
4599 1 2
4600 1 3
4601 1 2
4602 1 1
4603 1 2
4604 1 2
4605 1 2
4606 1 2
4607 1 2
4608 1 2
4609 1 3
4610 1 1
4611 1 3
4612 1 2
4613 1 3
4614 1 3
4615 1 3
4616 1 3
4617 1 2
4618 1 2
4619 1 3
4620 1 3
4621 1 3
4622 1 2
4623 1 2
4624 1 2
4625 1 3
4626 1 2
4627 1 2
4628 1 3
4629 1 2
4630 1 2
4631 1 2
4632 1 3
4633 1 2
4634 1 3
4635 1 2
4636 1 3
4637 1 1
4638 1 3
4639 1 2
4640 1 2
4641 1 3
4642 1 3
4643 1 2
4644 1 1
4645 1 3
4646 1 3
4647 1 2
4648 1 2
4649 1 3
4650 1 2
4651 1 3
4652 1 2
4653 1 2
4654 1 2
4655 1 1
4656 1 2
4657 1 2
4658 1 3
4659 1 3
4660 1 2
4661 1 3
4662 1 3
4663 1 3
4664 1 1
4665 1 3
4666 1 2
4667 1 1
4668 1 3
4669 1 3
4670 1 2
4671 1 3
4672 1 2
4673 1 2
4674 1 2
4675 1 2
4676 1 1
4677 1 2
4678 1 2
4679 1 1
4680 1 3
4681 1 3
4682 1 2
4683 1 3
4684 1 3
4685 1 2
4686 1 3
4687 1 2
4688 1 1
4689 1 2
4690 1 3
4691 1 2
4692 1 2
4693 1 2
4694 1 2
4695 1 3
4696 1 3
4697 1 1
4698 1 2
4699 1 3
4700 1 1
4701 1 3
4702 1 3
4703 1 1
4704 1 2
4705 1 1
4706 1 1
4707 1 2
4708 1 3
4709 1 2
4710 1 3
4711 1 2
4712 1 3
4713 1 2
4714 1 1
4715 1 2
4716 1 1
4717 1 2
4718 1 1
4719 1 3
4720 1 2
4721 1 1
4722 1 2
4723 1 1
4724 1 3
4725 1 1
4726 1 3
4727 1 2
4728 1 3
4729 1 2
4730 1 3
4731 1 3
4732 1 2
4733 1 1
4734 1 2
4735 1 3
4736 1 3
4737 1 3
4738 1 1
4739 1 2
4740 1 3
4741 1 3
4742 1 2
4743 1 2
4744 1 2
4745 1 3
4746 1 3
4747 1 3
4748 1 3
4749 1 3
4750 1 1
4751 1 2
4752 1 1
4753 1 3
4754 1 2
4755 1 3
4756 1 3
4757 1 2
4758 1 2
4759 1 1
4760 1 3
4761 1 3
4762 1 2
4763 1 3
4764 1 3
4765 1 2
4766 1 3
4767 1 3
4768 1 2
4769 1 2
4770 1 2
4771 1 3
4772 1 2
4773 1 2
4774 1 3
4775 1 2
4776 1 3
4777 1 3
4778 1 2
4779 1 2
4780 1 3
4781 1 1
4782 1 3
4783 1 2
4784 1 2
4785 1 1
4786 1 2
4787 1 2
4788 1 2
4789 1 3
4790 1 1
4791 1 3
4792 1 3
4793 1 2
4794 1 2
4795 1 3
4796 1 3
4797 1 3
4798 1 2
4799 1 3
4800 1 1
4801 1 2
4802 1 1
4803 1 2
4804 1 3
4805 1 2
4806 1 2
4807 1 3
4808 1 3
4809 1 2
4810 1 3
4811 1 1
4812 1 2
4813 1 1
4814 1 2
4815 1 2
4816 1 2
4817 1 3
4818 1 2
4819 1 2
4820 1 3
4821 1 2
4822 1 3
4823 1 3
4824 1 3
4825 1 1
4826 1 1
4827 1 1
4828 1 2
4829 1 2
4830 1 2
4831 1 2
4832 1 1
4833 1 1
4834 1 2
4835 1 1
4836 1 3
4837 1 3
4838 1 3
4839 1 3
4840 1 2
4841 1 3
4842 1 3
4843 1 3
4844 1 2
4845 1 1
4846 1 1
4847 1 2
4848 1 3
4849 1 2
4850 1 3
4851 1 1
4852 1 2
4853 1 3
4854 1 3
4855 1 3
4856 1 3
4857 1 1
4858 1 3
4859 1 3
4860 1 2
4861 1 3
4862 1 1
4863 1 2
4864 1 2
4865 1 2
4866 1 2
4867 1 3
4868 1 1
4869 1 3
4870 1 3
4871 1 2
4872 1 3
4873 1 2
4874 1 3
4875 1 2
4876 1 3
4877 1 3
4878 1 1
4879 1 2
4880 1 3
4881 1 3
4882 1 3
4883 1 2
4884 1 3
4885 1 2
4886 1 2
4887 1 2
4888 1 3
4889 1 3
4890 1 1
4891 1 2
4892 1 3
4893 1 3
4894 1 2
4895 1 3
4896 1 1
4897 1 2
4898 1 3
4899 1 1
4900 1 2
4901 1 1
4902 1 3
4903 1 3
4904 1 2
4905 1 3
4906 1 2
4907 1 2
4908 1 2
4909 1 3
4910 1 2
4911 1 3
4912 1 2
4913 1 3
4914 1 2
4915 1 3
4916 1 3
4917 1 3
4918 1 1
4919 1 2
4920 1 3
4921 1 3
4922 1 1
4923 1 2
4924 1 1
4925 1 2
4926 1 3
4927 1 2
4928 1 3
4929 1 3
4930 1 3
4931 1 3
4932 1 3
4933 1 2
4934 1 3
4935 1 2
4936 1 3
4937 1 3
4938 1 2
4939 1 1
4940 1 3
4941 1 3
4942 1 2
4943 1 1
4944 1 2
4945 1 1
4946 1 2
4947 1 2
4948 1 3
4949 1 3
4950 1 3
4951 1 3
4952 1 2
4953 1 2
4954 1 2
4955 1 2
4956 1 3
4957 1 1
4958 1 3
4959 1 3
4960 1 1
4961 1 1
4962 1 2
4963 1 2
4964 1 1
4965 1 2
4966 1 1
4967 1 3
4968 1 2
4969 1 2
4970 1 2
4971 1 3
4972 1 3
4973 1 2
4974 1 1
4975 1 2
4976 1 3
4977 1 1
4978 1 3
4979 1 3
4980 1 1
4981 1 2
4982 1 1
4983 1 1
4984 1 2
4985 1 3
4986 1 1
4987 1 2
4988 1 3
4989 1 2
4990 1 2
4991 1 3
4992 1 2
4993 1 1
4994 1 2
4995 1 1
4996 1 1
4997 1 1
4998 1 2
4999 1 3
5000 1 3
5001 1 2
5002 1 1
5003 1 2
5004 1 2
5005 1 3
5006 1 2
5007 1 3
5008 1 2
5009 1 3
5010 1 2
5011 1 3
5012 1 1
5013 1 3
5014 1 1
5015 1 2
5016 1 1
5017 1 2
5018 1 2
5019 1 2
5020 1 2
5021 1 3
5022 1 3
5023 1 3
5024 1 3
5025 1 3
5026 1 2
5027 1 1
5028 1 2
5029 1 1
5030 1 2
5031 1 3
5032 1 3
5033 1 2
5034 1 2
5035 1 2
5036 1 1
5037 1 3
5038 1 2
5039 1 1
5040 1 1
5041 1 3
5042 1 1
5043 1 1
5044 1 1
5045 1 2
5046 1 2
5047 1 3
5048 1 3
5049 1 2
5050 1 2
5051 1 2
5052 1 2
5053 1 2
5054 1 2
5055 1 3
5056 1 3
5057 1 2
5058 1 3
5059 1 3
5060 1 1
5061 1 2
5062 1 2
5063 1 2
5064 1 1
5065 1 3
5066 1 2
5067 1 3
5068 1 3
5069 1 2
5070 1 3
5071 1 1
5072 1 3
5073 1 1
5074 1 1
5075 1 3
5076 1 3
5077 1 3
5078 1 2
5079 1 3
5080 1 2
5081 1 3
5082 1 3
5083 1 3
5084 1 2
5085 1 2
5086 1 2
5087 1 1
5088 1 1
5089 1 2
5090 1 1
5091 1 3
5092 1 3
5093 1 2
5094 1 1
5095 1 3
5096 1 1
5097 1 3
5098 1 3
5099 1 3
5100 1 1
5101 1 2
5102 1 2
5103 1 3
5104 1 1
5105 1 2
5106 1 2
5107 1 2
5108 1 3
5109 1 3
5110 1 3
5111 1 1
5112 1 1
5113 1 2
5114 1 3
5115 1 2
5116 1 2
5117 1 1
5118 1 3
5119 1 2
5120 1 3
5121 1 3
5122 1 3
5123 1 3
5124 1 2
5125 1 3
5126 1 2
5127 1 3
5128 1 2
5129 1 3
5130 1 1
5131 1 3
5132 1 3
5133 1 2
5134 1 2
5135 1 2
5136 1 3
5137 1 2
5138 1 3
5139 1 2
5140 1 1
5141 1 3
5142 1 2
5143 1 3
5144 1 1
5145 1 2
5146 1 1
5147 1 2
5148 1 1
5149 1 1
5150 1 1
5151 1 2
5152 1 2
5153 1 2
5154 1 1
5155 1 1
5156 1 2
5157 1 3
5158 1 3
5159 1 3
5160 1 3
5161 1 3
5162 1 3
5163 1 2
5164 1 3
5165 1 2
5166 1 3
5167 1 3
5168 1 2
5169 1 2
5170 1 3
5171 1 1
5172 1 2
5173 1 3
5174 1 3
5175 1 3
5176 1 1
5177 1 1
5178 1 2
5179 1 2
5180 1 2
5181 1 2
5182 1 1
5183 1 2
5184 1 2
5185 1 3
5186 1 2
5187 1 1
5188 1 3
5189 1 2
5190 1 1
5191 1 3
5192 1 2
5193 1 3
5194 1 3
5195 1 2
5196 1 1
5197 1 3
5198 1 1
5199 1 3
5200 1 2
5201 1 3
5202 1 3
5203 1 2
5204 1 2
5205 1 3
5206 1 3
5207 1 3
5208 1 1
5209 1 3
5210 1 2
5211 1 3
5212 1 2
5213 1 3
5214 1 2
5215 1 3
5216 1 3
5217 1 3
5218 1 2
5219 1 3
5220 1 3
5221 1 3
5222 1 2
5223 1 1
5224 1 3
5225 1 1
5226 1 3
5227 1 2
5228 1 1
5229 1 2
5230 1 3
5231 1 2
5232 1 2
5233 1 2
5234 1 3
5235 1 2
5236 1 2
5237 1 1
5238 1 1
5239 1 3
5240 1 3
5241 1 1
5242 1 2
5243 1 2
5244 1 2
5245 1 3
5246 1 3
5247 1 3
5248 1 1
5249 1 3
5250 1 2
5251 1 3
5252 1 3
5253 1 3
5254 1 3
5255 1 3
5256 1 3
5257 1 3
5258 1 3
5259 1 1
5260 1 1
5261 1 2
5262 1 3
5263 1 1
5264 1 3
5265 1 3
5266 1 2
5267 1 1
5268 1 3
5269 1 2
5270 1 1
5271 1 3
5272 1 1
5273 1 2
5274 1 2
5275 1 1
5276 1 1
5277 1 2
5278 1 3
5279 1 3
5280 1 1
5281 1 3
5282 1 2
5283 1 1
5284 1 2
5285 1 1
5286 1 3
5287 1 1
5288 1 2
5289 1 3
5290 1 3
5291 1 3
5292 1 2
5293 1 2
5294 1 3
5295 1 2
5296 1 2
5297 1 1
5298 1 3
5299 1 3
5300 1 1
5301 1 2
5302 1 2
5303 1 3
5304 1 3
5305 1 1
5306 1 2
5307 1 1
5308 1 2
5309 1 2
5310 1 3
5311 1 3
5312 1 2
5313 1 3
5314 1 3
5315 1 2
5316 1 3
5317 1 2
5318 1 3
5319 1 3
5320 1 2
5321 1 1
5322 1 1
5323 1 1
5324 1 2
5325 1 3
5326 1 1
5327 1 2
5328 1 3
5329 1 1
5330 1 2
5331 1 1
5332 1 3
5333 1 3
5334 1 2
5335 1 2
5336 1 3
5337 1 2
5338 1 1
5339 1 2
5340 1 3
5341 1 3
5342 1 2
5343 1 1
5344 1 1
5345 1 2
5346 1 3
5347 1 2
5348 1 3
5349 1 2
5350 1 2
5351 1 2
5352 1 1
5353 1 3
5354 1 2
5355 1 3
5356 1 2
5357 1 3
5358 1 2
5359 1 1
5360 1 2
5361 1 1
5362 1 2
5363 1 2
5364 1 1
5365 1 3
5366 1 1
5367 1 2
5368 1 2
5369 1 3
5370 1 3
5371 1 2
5372 1 2
5373 1 1
5374 1 3
5375 1 3
5376 1 2
5377 1 3
5378 1 2
5379 1 2
5380 1 2
5381 1 3
5382 1 2
5383 1 3
5384 1 2
5385 1 2
5386 1 2
5387 1 3
5388 1 2
5389 1 1
5390 1 3
5391 1 3
5392 1 2
5393 1 1
5394 1 2
5395 1 2
5396 1 3
5397 1 3
5398 1 2
5399 1 2
5400 1 2
5401 1 3
5402 1 3
5403 1 2
5404 1 2
5405 1 3
5406 1 1
5407 1 3
5408 1 2
5409 1 1
5410 1 3
5411 1 3
5412 1 2
5413 1 2
5414 1 2
5415 1 3
5416 1 1
5417 1 2
5418 1 2
5419 1 3
5420 1 2
5421 1 2
5422 1 2
5423 1 1
5424 1 1
5425 1 1
5426 1 3
5427 1 3
5428 1 2
5429 1 3
5430 1 3
5431 1 3
5432 1 1
5433 1 3
5434 1 2
5435 1 2
5436 1 3
5437 1 1
5438 1 3
5439 1 3
5440 1 3
5441 1 2
5442 1 1
5443 1 2
5444 1 3
5445 1 2
5446 1 1
5447 1 2
5448 1 2
5449 1 3
5450 1 2
5451 1 2
5452 1 3
5453 1 2
5454 1 1
5455 1 3
5456 1 2
5457 1 2
5458 1 1
5459 1 1
5460 1 2
5461 1 3
5462 1 3
5463 1 1
5464 1 3
5465 1 1
5466 1 2
5467 1 1
5468 1 3
5469 1 2
5470 1 3
5471 1 2
5472 1 1
5473 1 3
5474 1 2
5475 1 3
5476 1 3
5477 1 2
5478 1 3
5479 1 3
5480 1 2
5481 1 1
5482 1 2
5483 1 3
5484 1 2
5485 1 1
5486 1 2
5487 1 2
5488 1 3
5489 1 3
5490 1 2
5491 1 1
5492 1 2
5493 1 1
5494 1 3
5495 1 3
5496 1 2
5497 1 1
5498 1 3
5499 1 3
5500 1 2
5501 1 3
5502 1 2
5503 1 2
5504 1 3
5505 1 3
5506 1 3
5507 1 1
5508 1 2
5509 1 1
5510 1 2
5511 1 3
5512 1 3
5513 1 2
5514 1 3
5515 1 2
5516 1 2
5517 1 2
5518 1 1
5519 1 3
5520 1 2
5521 1 3
5522 1 1
5523 1 2
5524 1 1
5525 1 2
5526 1 1
5527 1 3
5528 1 3
5529 1 3
5530 1 2
5531 1 3
5532 1 3
5533 1 2
5534 1 2
5535 1 2
5536 1 1
5537 1 1
5538 1 2
5539 1 3
5540 1 3
5541 1 1
5542 1 3
5543 1 3
5544 1 3
5545 1 3
5546 1 1
5547 1 1
5548 1 3
5549 1 2
5550 1 1
5551 1 3
5552 1 1
5553 1 3
5554 1 3
5555 1 2
5556 1 1
5557 1 1
5558 1 3
5559 1 2
5560 1 2
5561 1 2
5562 1 2
5563 1 3
5564 1 3
5565 1 2
5566 1 3
5567 1 2
5568 1 2
5569 1 1
5570 1 3
5571 1 3
5572 1 3
5573 1 1
5574 1 3
5575 1 3
5576 1 3
5577 1 3
5578 1 3
5579 1 2
5580 1 2
5581 1 2
5582 1 3
5583 1 3
5584 1 3
5585 1 1
5586 1 2
5587 1 3
5588 1 2
5589 1 3
5590 1 2
5591 1 2
5592 1 3
5593 1 2
5594 1 1
5595 1 2
5596 1 1
5597 1 1
5598 1 2
5599 1 2
5600 1 1
5601 1 3
5602 1 2
5603 1 3
5604 1 2
5605 1 1
5606 1 3
5607 1 1
5608 1 1
5609 1 3
5610 1 3
5611 1 2
5612 1 3
5613 1 1
5614 1 2
5615 1 1
5616 1 2
5617 1 1
5618 1 2
5619 1 2
5620 1 2
5621 1 1
5622 1 3
5623 1 2
5624 1 3
5625 1 3
5626 1 2
5627 1 3
5628 1 1
5629 1 2
5630 1 2
5631 1 2
5632 1 3
5633 1 1
5634 1 3
5635 1 3
5636 1 2
5637 1 2
5638 1 3
5639 1 1
5640 1 1
5641 1 2
5642 1 3
5643 1 3
5644 1 1
5645 1 2
5646 1 3
5647 1 1
5648 1 1
5649 1 2
5650 1 3
5651 1 1
5652 1 3
5653 1 2
5654 1 3
5655 1 2
5656 1 2
5657 1 1
5658 1 1
5659 1 2
5660 1 2
5661 1 2
5662 1 2
5663 1 1
5664 1 2
5665 1 3
5666 1 3
5667 1 3
5668 1 2
5669 1 1
5670 1 3
5671 1 3
5672 1 3
5673 1 3
5674 1 2
5675 1 3
5676 1 1
5677 1 1
5678 1 2
5679 1 3
5680 1 1
5681 1 3
5682 1 2
5683 1 2
5684 1 2
5685 1 3
5686 1 2
5687 1 1
5688 1 2
5689 1 2
5690 1 1
5691 1 3
5692 1 3
5693 1 2
5694 1 3
5695 1 2
5696 1 2
5697 1 1
5698 1 2
5699 1 2
5700 1 2
5701 1 2
5702 1 1
5703 1 2
5704 1 2
5705 1 3
5706 1 2
5707 1 2
5708 1 2
5709 1 3
5710 1 1
5711 1 1
5712 1 2
5713 1 3
5714 1 2
5715 1 2
5716 1 3
5717 1 3
5718 1 1
5719 1 3
5720 1 3
5721 1 2
5722 1 2
5723 1 2
5724 1 1
5725 1 3
5726 1 3
5727 1 2
5728 1 1
5729 1 3
5730 1 2
5731 1 1
5732 1 2
5733 1 1
5734 1 2
5735 1 1
5736 1 3
5737 1 2
5738 1 2
5739 1 2
5740 1 3
5741 1 3
5742 1 2
5743 1 1
5744 1 2
5745 1 3
5746 1 3
5747 1 3
5748 1 2
5749 1 2
5750 1 2
5751 1 3
5752 1 2
5753 1 3
5754 1 2
5755 1 3
5756 1 3
5757 1 2
5758 1 1
5759 1 2
5760 1 3
5761 1 3
5762 1 3
5763 1 3
5764 1 3
5765 1 2
5766 1 2
5767 1 3
5768 1 2
5769 1 3
5770 1 2
5771 1 2
5772 1 2
5773 1 2
5774 1 3
5775 1 3
5776 1 2
5777 1 2
5778 1 2
5779 1 1
5780 1 2
5781 1 3
5782 1 2
5783 1 2
5784 1 2
5785 1 3
5786 1 2
5787 1 3
5788 1 3
5789 1 2
5790 1 3
5791 1 1
5792 1 1
5793 1 1
5794 1 2
5795 1 3
5796 1 1
5797 1 3
5798 1 3
5799 1 1
5800 1 2
5801 1 2
5802 1 1
5803 1 1
5804 1 2
5805 1 2
5806 1 2
5807 1 3
5808 1 2
5809 1 3
5810 1 1
5811 1 2
5812 1 3
5813 1 3
5814 1 2
5815 1 2
5816 1 2
5817 1 2
5818 1 3
5819 1 2
5820 1 3
5821 1 2
5822 1 3
5823 1 3
5824 1 2
5825 1 3
5826 1 3
5827 1 1
5828 1 1
5829 1 2
5830 1 2
5831 1 1
5832 1 2
5833 1 1
5834 1 2
5835 1 3
5836 1 1
5837 1 2
5838 1 3
5839 1 2
5840 1 2
5841 1 3
5842 1 2
5843 1 2
5844 1 1
5845 1 1
5846 1 2
5847 1 3
5848 1 3
5849 1 2
5850 1 3
5851 1 2
5852 1 2
5853 1 3
5854 1 3
5855 1 3
5856 1 2
5857 1 1
5858 1 1
5859 1 1
5860 1 2
5861 1 3
5862 1 2
5863 1 1
5864 1 3
5865 1 2
5866 1 1
5867 1 2
5868 1 2
5869 1 2
5870 1 3
5871 1 3
5872 1 3
5873 1 2
5874 1 3
5875 1 3
5876 1 2
5877 1 2
5878 1 2
5879 1 3
5880 1 3
5881 1 2
5882 1 3
5883 1 2
5884 1 2
5885 1 2
5886 1 1
5887 1 3
5888 1 2
5889 1 2
5890 1 3
5891 1 2
5892 1 2
5893 1 3
5894 1 3
5895 1 1
5896 1 2
5897 1 2
5898 1 3
5899 1 3
5900 1 3
5901 1 3
5902 1 3
5903 1 1
5904 1 3
5905 1 2
5906 1 3
5907 1 2
5908 1 2
5909 1 2
5910 1 3
5911 1 3
5912 1 3
5913 1 1
5914 1 2
5915 1 2
5916 1 3
5917 1 1
5918 1 1
5919 1 3
5920 1 3
5921 1 2
5922 1 2
5923 1 3
5924 1 3
5925 1 1
5926 1 2
5927 1 2
5928 1 3
5929 1 2
5930 1 1
5931 1 2
5932 1 3
5933 1 2
5934 1 3
5935 1 3
5936 1 2
5937 1 2
5938 1 2
5939 1 3
5940 1 3
5941 1 2
5942 1 3
5943 1 2
5944 1 2
5945 1 3
5946 1 2
5947 1 3
5948 1 2
5949 1 2
5950 1 2
5951 1 2
5952 1 1
5953 1 1
5954 1 3
5955 1 2
5956 1 3
5957 1 1
5958 1 2
5959 1 3
5960 1 3
5961 1 3
5962 1 1
5963 1 1
5964 1 3
5965 1 1
5966 1 2
5967 1 2
5968 1 2
5969 1 2
5970 1 3
5971 1 1
5972 1 3
5973 1 3
5974 1 2
5975 1 3
5976 1 1
5977 1 3
5978 1 3
5979 1 3
5980 1 2
5981 1 1
5982 1 2
5983 1 1
5984 1 3
5985 1 2
5986 1 2
5987 1 3
5988 1 3
5989 1 2
5990 1 2
5991 1 3
5992 1 2
5993 1 2
5994 1 3
5995 1 2
5996 1 3
5997 1 3
5998 1 2
5999 1 3
6000 1 2
6001 1 2
6002 1 3
6003 1 2
6004 1 3
6005 1 1
6006 1 3
6007 1 2
6008 1 1
6009 1 3
6010 1 1
6011 1 3
6012 1 2
6013 1 2
6014 1 3
6015 1 1
6016 1 1
6017 1 3
6018 1 3
6019 1 3
6020 1 1
6021 1 3
6022 1 2
6023 1 3
6024 1 3
6025 1 3
6026 1 2
6027 1 1
6028 1 2
6029 1 2
6030 1 2
6031 1 3
6032 1 1
6033 1 2
6034 1 2
6035 1 3
6036 1 1
6037 1 2
6038 1 2
6039 1 1
6040 1 3
6041 1 1
6042 1 3
6043 1 2
6044 1 2
6045 1 3
6046 1 3
6047 1 1
6048 1 3
6049 1 1
6050 1 2
6051 1 2
6052 1 3
6053 1 3
6054 1 3
6055 1 2
6056 1 2
6057 1 3
6058 1 1
6059 1 1
6060 1 3
6061 1 2
6062 1 3
6063 1 1
6064 1 2
6065 1 3
6066 1 2
6067 1 3
6068 1 1
6069 1 3
6070 1 3
6071 1 3
6072 1 3
6073 1 1
6074 1 3
6075 1 1
6076 1 3
6077 1 3
6078 1 1
6079 1 3
6080 1 2
6081 1 2
6082 1 1
6083 1 3
6084 1 3
6085 1 2
6086 1 1
6087 1 3
6088 1 3
6089 1 3
6090 1 1
6091 1 3
6092 1 3
6093 1 3
6094 1 2
6095 1 3
6096 1 1
6097 1 3
6098 1 2
6099 1 1
6100 1 2
6101 1 3
6102 1 2
6103 1 2
6104 1 2
6105 1 1
6106 1 1
6107 1 2
6108 1 1
6109 1 2
6110 1 1
6111 1 2
6112 1 2
6113 1 1
6114 1 3
6115 1 2
6116 1 2
6117 1 3
6118 1 2
6119 1 3
6120 1 2
6121 1 1
6122 1 3
6123 1 3
6124 1 3
6125 1 2
6126 1 2
6127 1 2
6128 1 3
6129 1 2
6130 1 2
6131 1 2
6132 1 1
6133 1 3
6134 1 3
6135 1 2
6136 1 2
6137 1 3
6138 1 3
6139 1 2
6140 1 3
6141 1 1
6142 1 3
6143 1 3
6144 1 3
6145 1 2
6146 1 3
6147 1 3
6148 1 2
6149 1 1
6150 1 1
6151 1 2
6152 1 2
6153 1 3
6154 1 2
6155 1 3
6156 1 2
6157 1 3
6158 1 3
6159 1 3
6160 1 3
6161 1 3
6162 1 1
6163 1 1
6164 1 2
6165 1 1
6166 1 2
6167 1 3
6168 1 1
6169 1 2
6170 1 2
6171 1 2
6172 1 3
6173 1 2
6174 1 1
6175 1 3
6176 1 3
6177 1 1
6178 1 1
6179 1 2
6180 1 2
6181 1 3
6182 1 1
6183 1 1
6184 1 1
6185 1 3
6186 1 3
6187 1 2
6188 1 2
6189 1 2
6190 1 3
6191 1 2
6192 1 1
6193 1 3
6194 1 3
6195 1 3
6196 1 3
6197 1 3
6198 1 2
6199 1 1
6200 1 3
6201 1 2
6202 1 2
6203 1 3
6204 1 3
6205 1 2
6206 1 2
6207 1 3
6208 1 3
6209 1 2
6210 1 2
6211 1 2
6212 1 2
6213 1 1
6214 1 3
6215 1 1
6216 1 1
6217 1 1
6218 1 3
6219 1 3
6220 1 1
6221 1 1
6222 1 3
6223 1 2
6224 1 3
6225 1 3
6226 1 3
6227 1 2
6228 1 3
6229 1 1
6230 1 3
6231 1 3
6232 1 3
6233 1 2
6234 1 3
6235 1 2
6236 1 3
6237 1 1
6238 1 2
6239 1 3
6240 1 2
6241 1 1
6242 1 1
6243 1 2
6244 1 3
6245 1 2
6246 1 3
6247 1 3
6248 1 2
6249 1 1
6250 1 1
6251 1 3
6252 1 3
6253 1 2
6254 1 2
6255 1 2
6256 1 2
6257 1 2
6258 1 2
6259 1 2
6260 1 3
6261 1 3
6262 1 3
6263 1 2
6264 1 2
6265 1 2
6266 1 3
6267 1 2
6268 1 3
6269 1 2
6270 1 2
6271 1 2
6272 1 2
6273 1 2
6274 1 2
6275 1 3
6276 1 2
6277 1 1
6278 1 3
6279 1 3
6280 1 2
6281 1 3
6282 1 2
6283 1 3
6284 1 3
6285 1 1
6286 1 3
6287 1 2
6288 1 3
6289 1 2
6290 1 1
6291 1 2
6292 1 2
6293 1 3
6294 1 1
6295 1 1
6296 1 2
6297 1 2
6298 1 2
6299 1 2
6300 1 3
6301 1 2
6302 1 2
6303 1 2
6304 1 2
6305 1 3
6306 1 3
6307 1 2
6308 1 3
6309 1 3
6310 1 3
6311 1 3
6312 1 2
6313 1 1
6314 1 3
6315 1 1
6316 1 3
6317 1 2
6318 1 3
6319 1 2
6320 1 3
6321 1 3
6322 1 2
6323 1 1
6324 1 3
6325 1 3
6326 1 3
6327 1 3
6328 1 2
6329 1 3
6330 1 3
6331 1 3
6332 1 2
6333 1 3
6334 1 3
6335 1 3
6336 1 3
6337 1 3
6338 1 3
6339 1 2
6340 1 3
6341 1 2
6342 1 3
6343 1 3
6344 1 2
6345 1 2
6346 1 3
6347 1 1
6348 1 2
6349 1 3
6350 1 2
6351 1 3
6352 1 3
6353 1 3
6354 1 1
6355 1 2
6356 1 3
6357 1 2
6358 1 1
6359 1 2
6360 1 3
6361 1 1
6362 1 1
6363 1 3
6364 1 3
6365 1 2
6366 1 2
6367 1 2
6368 1 3
6369 1 2
6370 1 3
6371 1 1
6372 1 3
6373 1 3
6374 1 3
6375 1 1
6376 1 2
6377 1 1
6378 1 2
6379 1 2
6380 1 2
6381 1 3
6382 1 3
6383 1 2
6384 1 3
6385 1 2
6386 1 3
6387 1 3
6388 1 3
6389 1 2
6390 1 3
6391 1 2
6392 1 2
6393 1 1
6394 1 3
6395 1 3
6396 1 1
6397 1 1
6398 1 2
6399 1 1
6400 1 1
6401 1 2
6402 1 3
6403 1 1
6404 1 2
6405 1 3
6406 1 1
6407 1 3
6408 1 1
6409 1 3
6410 1 3
6411 1 3
6412 1 3
6413 1 3
6414 1 1
6415 1 3
6416 1 3
6417 1 3
6418 1 1
6419 1 1
6420 1 3
6421 1 2
6422 1 3
6423 1 2
6424 1 2
6425 1 2
6426 1 1
6427 1 2
6428 1 2
6429 1 3
6430 1 3
6431 1 1
6432 1 2
6433 1 2
6434 1 3
6435 1 3
6436 1 2
6437 1 2
6438 1 3
6439 1 3
6440 1 3
6441 1 3
6442 1 3
6443 1 2
6444 1 1
6445 1 2
6446 1 3
6447 1 3
6448 1 3
6449 1 3
6450 1 3
6451 1 3
6452 1 3
6453 1 2
6454 1 1
6455 1 1
6456 1 2
6457 1 3
6458 1 3
6459 1 3
6460 1 3
6461 1 2
6462 1 1
6463 1 2
6464 1 3
6465 1 1
6466 1 1
6467 1 2
6468 1 3
6469 1 1
6470 1 1
6471 1 3
6472 1 3
6473 1 2
6474 1 2
6475 1 1
6476 1 2
6477 1 1
6478 1 3
6479 1 3
6480 1 2
6481 1 3
6482 1 3
6483 1 2
6484 1 3
6485 1 1
6486 1 3
6487 1 2
6488 1 3
6489 1 3
6490 1 2
6491 1 2
6492 1 2
6493 1 3
6494 1 2
6495 1 3
6496 1 2
6497 1 1
6498 1 3
6499 1 3
6500 1 2
6501 1 2
6502 1 1
6503 1 2
6504 1 1
6505 1 2
6506 1 1
6507 1 2
6508 1 2
6509 1 2
6510 1 3
6511 1 2
6512 1 1
6513 1 2
6514 1 2
6515 1 3
6516 1 3
6517 1 2
6518 1 1
6519 1 2
6520 1 2
6521 1 3
6522 1 1
6523 1 2
6524 1 1
6525 1 2
6526 1 1
6527 1 2
6528 1 2
6529 1 1
6530 1 2
6531 1 3
6532 1 3
6533 1 2
6534 1 3
6535 1 3
6536 1 1
6537 1 3
6538 1 3
6539 1 3
6540 1 3
6541 1 2
6542 1 2
6543 1 2
6544 1 2
6545 1 2
6546 1 2
6547 1 3
6548 1 1
6549 1 1
6550 1 3
6551 1 1
6552 1 1
6553 1 3
6554 1 1
6555 1 2
6556 1 3
6557 1 3
6558 1 3
6559 1 2
6560 1 3
6561 1 2
6562 1 1
6563 1 2
6564 1 2
6565 1 2
6566 1 1
6567 1 2
6568 1 2
6569 1 2
6570 1 3
6571 1 1
6572 1 2
6573 1 2
6574 1 1
6575 1 2
6576 1 3
6577 1 2
6578 1 3
6579 1 3
6580 1 2
6581 1 2
6582 1 1
6583 1 3
6584 1 3
6585 1 3
6586 1 1
6587 1 2
6588 1 1
6589 1 2
6590 1 3
6591 1 2
6592 1 1
6593 1 3
6594 1 3
6595 1 3
6596 1 3
6597 1 2
6598 1 3
6599 1 2
6600 1 1
6601 1 3
6602 1 1
6603 1 2
6604 1 2
6605 1 1
6606 1 3
6607 1 2
6608 1 2
6609 1 2
6610 1 3
6611 1 2
6612 1 3
6613 1 3
6614 1 3
6615 1 3
6616 1 2
6617 1 1
6618 1 3
6619 1 3
6620 1 3
6621 1 3
6622 1 3
6623 1 2
6624 1 2
6625 1 3
6626 1 3
6627 1 3
6628 1 2
6629 1 3
6630 1 3
6631 1 3
6632 1 3
6633 1 3
6634 1 2
6635 1 1
6636 1 1
6637 1 3
6638 1 3
6639 1 1
6640 1 1
6641 1 3
6642 1 1
6643 1 2
6644 1 2
6645 1 2
6646 1 2
6647 1 3
6648 1 3
6649 1 1
6650 1 1
6651 1 2
6652 1 2
6653 1 2
6654 1 3
6655 1 1
6656 1 3
6657 1 2
6658 1 3
6659 1 1
6660 1 2
6661 1 3
6662 1 3
6663 1 1
6664 1 3
6665 1 1
6666 1 1
6667 1 3
6668 1 3
6669 1 2
6670 1 1
6671 1 2
6672 1 2
6673 1 2
6674 1 1
6675 1 1
6676 1 1
6677 1 2
6678 1 2
6679 1 3
6680 1 3
6681 1 2
6682 1 2
6683 1 3
6684 1 3
6685 1 2
6686 1 3
6687 1 3
6688 1 3
6689 1 3
6690 1 1
6691 1 3
6692 1 2
6693 1 1
6694 1 3
6695 1 3
6696 1 2
6697 1 2
6698 1 2
6699 1 3
6700 1 3
6701 1 3
6702 1 3
6703 1 3
6704 1 1
6705 1 2
6706 1 2
6707 1 2
6708 1 1
6709 1 2
6710 1 2
6711 1 3
6712 1 1
6713 1 2
6714 1 3
6715 1 2
6716 1 3
6717 1 2
6718 1 2
6719 1 2
6720 1 2
6721 1 1
6722 1 2
6723 1 3
6724 1 3
6725 1 2
6726 1 1
6727 1 1
6728 1 3
6729 1 3
6730 1 3
6731 1 3
6732 1 2
6733 1 2
6734 1 2
6735 1 2
6736 1 2
6737 1 1
6738 1 2
6739 1 2
6740 1 3
6741 1 1
6742 1 1
6743 1 1
6744 1 3
6745 1 1
6746 1 2
6747 1 2
6748 1 2
6749 1 3
6750 1 2
6751 1 3
6752 1 2
6753 1 1
6754 1 2
6755 1 2
6756 1 2
6757 1 2
6758 1 3
6759 1 3
6760 1 2
6761 1 3
6762 1 3
6763 1 3
6764 1 1
6765 1 3
6766 1 1
6767 1 2
6768 1 1
6769 1 3
6770 1 1
6771 1 3
6772 1 1
6773 1 1
6774 1 3
6775 1 2
6776 1 2
6777 1 3
6778 1 2
6779 1 3
6780 1 3
6781 1 3
6782 1 3
6783 1 3
6784 1 1
6785 1 3
6786 1 2
6787 1 2
6788 1 1
6789 1 1
6790 1 1
6791 1 1
6792 1 3
6793 1 2
6794 1 3
6795 1 2
6796 1 2
6797 1 2
6798 1 3
6799 1 2
6800 1 3
6801 1 3
6802 1 1
6803 1 3
6804 1 3
6805 1 2
6806 1 3
6807 1 2
6808 1 3
6809 1 2
6810 1 2
6811 1 3
6812 1 2
6813 1 2
6814 1 2
6815 1 2
6816 1 1
6817 1 2
6818 1 3
6819 1 3
6820 1 3
6821 1 2
6822 1 3
6823 1 1
6824 1 2
6825 1 2
6826 1 1
6827 1 2
6828 1 3
6829 1 2
6830 1 2
6831 1 3
6832 1 2
6833 1 1
6834 1 2
6835 1 2
6836 1 2
6837 1 2
6838 1 2
6839 1 1
6840 1 2
6841 1 2
6842 1 3
6843 1 2
6844 1 2
6845 1 2
6846 1 3
6847 1 2
6848 1 3
6849 1 3
6850 1 3
6851 1 2
6852 1 2
6853 1 1
6854 1 2
6855 1 1
6856 1 3
6857 1 2
6858 1 1
6859 1 1
6860 1 1
6861 1 3
6862 1 3
6863 1 1
6864 1 3
6865 1 3
6866 1 3
6867 1 1
6868 1 3
6869 1 2
6870 1 3
6871 1 3
6872 1 3
6873 1 2
6874 1 1
6875 1 3
6876 1 2
6877 1 2
6878 1 2
6879 1 1
6880 1 2
6881 1 2
6882 1 3
6883 1 2
6884 1 3
6885 1 1
6886 1 2
6887 1 3
6888 1 3
6889 1 2
6890 1 1
6891 1 3
6892 1 2
6893 1 2
6894 1 2
6895 1 1
6896 1 2
6897 1 3
6898 1 2
6899 1 2
6900 1 2
6901 1 2
6902 1 3
6903 1 2
6904 1 3
6905 1 1
6906 1 3
6907 1 1
6908 1 3
6909 1 3
6910 1 2
6911 1 2
6912 1 3
6913 1 2
6914 1 3
6915 1 3
6916 1 1
6917 1 3
6918 1 1
6919 1 1
6920 1 3
6921 1 3
6922 1 3
6923 1 3
6924 1 3
6925 1 1
6926 1 2
6927 1 3
6928 1 3
6929 1 2
6930 1 3
6931 1 1
6932 1 3
6933 1 3
6934 1 2
6935 1 1
6936 1 2
6937 1 3
6938 1 3
6939 1 3
6940 1 1
6941 1 3
6942 1 3
6943 1 3
6944 1 2
6945 1 1
6946 1 2
6947 1 2
6948 1 3
6949 1 2
6950 1 3
6951 1 2
6952 1 2
6953 1 3
6954 1 3
6955 1 3
6956 1 3
6957 1 3
6958 1 3
6959 1 2
6960 1 1
6961 1 1
6962 1 2
6963 1 3
6964 1 3
6965 1 2
6966 1 2
6967 1 3
6968 1 2
6969 1 2
6970 1 3
6971 1 2
6972 1 3
6973 1 2
6974 1 3
6975 1 1
6976 1 3
6977 1 3
6978 1 3
6979 1 3
6980 1 2
6981 1 3
6982 1 2
6983 1 1
6984 1 2
6985 1 1
6986 1 3
6987 1 2
6988 1 2
6989 1 2
6990 1 3
6991 1 1
6992 1 3
6993 1 3
6994 1 3
6995 1 1
6996 1 2
6997 1 3
6998 1 3
6999 1 3
7000 1 3
7001 1 1
7002 1 2
7003 1 3
7004 1 2
7005 1 2
7006 1 2
7007 1 1
7008 1 1
7009 1 3
7010 1 1
7011 1 3
7012 1 1
7013 1 1
7014 1 2
7015 1 2
7016 1 2
7017 1 1
7018 1 2
7019 1 2
7020 1 1
7021 1 1
7022 1 2
7023 1 3
7024 1 3
7025 1 1
7026 1 1
7027 1 1
7028 1 3
7029 1 3
7030 1 2
7031 1 1
7032 1 3
7033 1 2
7034 1 2
7035 1 1
7036 1 2
7037 1 1
7038 1 2
7039 1 3
7040 1 2
7041 1 3
7042 1 2
7043 1 1
7044 1 2
7045 1 1
7046 1 3
7047 1 2
7048 1 2
7049 1 3
7050 1 2
7051 1 3
7052 1 3
7053 1 3
7054 1 2
7055 1 2
7056 1 3
7057 1 3
7058 1 3
7059 1 3
7060 1 1
7061 1 2
7062 1 1
7063 1 3
7064 1 3
7065 1 3
7066 1 2
7067 1 2
7068 1 3
7069 1 3
7070 1 2
7071 1 2
7072 1 2
7073 1 3
7074 1 3
7075 1 2
7076 1 3
7077 1 3
7078 1 2
7079 1 2
7080 1 3
7081 1 2
7082 1 2
7083 1 1
7084 1 2
7085 1 2
7086 1 3
7087 1 2
7088 1 3
7089 1 2
7090 1 3
7091 1 3
7092 1 1
7093 1 3
7094 1 1
7095 1 1
7096 1 3
7097 1 2
7098 1 3
7099 1 1
7100 1 2
7101 1 1
7102 1 1
7103 1 3
7104 1 1
7105 1 3
7106 1 2
7107 1 2
7108 1 3
7109 1 2
7110 1 2
7111 1 2
7112 1 2
7113 1 3
7114 1 3
7115 1 3
7116 1 2
7117 1 3
7118 1 2
7119 1 2
7120 1 2
7121 1 3
7122 1 2
7123 1 2
7124 1 2
7125 1 2
7126 1 2
7127 1 3
7128 1 1
7129 1 2
7130 1 3
7131 1 2
7132 1 3
7133 1 2
7134 1 2
7135 1 3
7136 1 2
7137 1 2
7138 1 1
7139 1 2
7140 1 2
7141 1 3
7142 1 2
7143 1 2
7144 1 3
7145 1 3
7146 1 1
7147 1 1
7148 1 3
7149 1 3
7150 1 2
7151 1 3
7152 1 3
7153 1 2
7154 1 2
7155 1 3
7156 1 2
7157 1 2
7158 1 3
7159 1 1
7160 1 3
7161 1 3
7162 1 2
7163 1 3
7164 1 2
7165 1 1
7166 1 1
7167 1 3
7168 1 2
7169 1 1
7170 1 2
7171 1 2
7172 1 2
7173 1 3
7174 1 2
7175 1 3
7176 1 2
7177 1 2
7178 1 2
7179 1 2
7180 1 1
7181 1 3
7182 1 3
7183 1 2
7184 1 2
7185 1 1
7186 1 2
7187 1 3
7188 1 2
7189 1 3
7190 1 3
7191 1 3
7192 1 3
7193 1 3
7194 1 2
7195 1 1
7196 1 2
7197 1 1
7198 1 1
7199 1 3
7200 1 3
7201 1 1
7202 1 2
7203 1 3
7204 1 2
7205 1 2
7206 1 3
7207 1 3
7208 1 1
7209 1 3
7210 1 1
7211 1 2
7212 1 2
7213 1 1
7214 1 3
7215 1 2
7216 1 1
7217 1 3
7218 1 3
7219 1 1
7220 1 2
7221 1 2
7222 1 3
7223 1 1
7224 1 2
7225 1 3
7226 1 1
7227 1 3
7228 1 2
7229 1 3
7230 1 2
7231 1 3
7232 1 3
7233 1 1
7234 1 2
7235 1 3
7236 1 1
7237 1 3
7238 1 2
7239 1 1
7240 1 1
7241 1 1
7242 1 2
7243 1 3
7244 1 1
7245 1 2
7246 1 3
7247 1 2
7248 1 1
7249 1 2
7250 1 3
7251 1 1
7252 1 1
7253 1 3
7254 1 1
7255 1 3
7256 1 3
7257 1 1
7258 1 1
7259 1 2
7260 1 1
7261 1 2
7262 1 2
7263 1 2
7264 1 2
7265 1 3
7266 1 3
7267 1 3
7268 1 3
7269 1 1
7270 1 1
7271 1 2
7272 1 2
7273 1 3
7274 1 2
7275 1 3
7276 1 3
7277 1 1
7278 1 1
7279 1 3
7280 1 2
7281 1 3
7282 1 2
7283 1 3
7284 1 3
7285 1 2
7286 1 1
7287 1 3
7288 1 3
7289 1 2
7290 1 2
7291 1 2
7292 1 2
7293 1 2
7294 1 3
7295 1 3
7296 1 3
7297 1 2
7298 1 1
7299 1 1
7300 1 2
7301 1 3
7302 1 3
7303 1 3
7304 1 2
7305 1 3
7306 1 1
7307 1 3
7308 1 3
7309 1 2
7310 1 1
7311 1 2
7312 1 1
7313 1 2
7314 1 3
7315 1 2
7316 1 2
7317 1 3
7318 1 3
7319 1 2
7320 1 2
7321 1 2
7322 1 3
7323 1 2
7324 1 2
7325 1 2
7326 1 2
7327 1 2
7328 1 3
7329 1 3
7330 1 2
7331 1 3
7332 1 2
7333 1 3
7334 1 3
7335 1 2
7336 1 2
7337 1 2
7338 1 1
7339 1 3
7340 1 1
7341 1 3
7342 1 2
7343 1 2
7344 1 2
7345 1 1
7346 1 2
7347 1 3
7348 1 2
7349 1 3
7350 1 2
7351 1 2
7352 1 2
7353 1 2
7354 1 2
7355 1 3
7356 1 1
7357 1 1
7358 1 2
7359 1 2
7360 1 2
7361 1 3
7362 1 1
7363 1 3
7364 1 2
7365 1 2
7366 1 1
7367 1 1
7368 1 3
7369 1 3
7370 1 2
7371 1 2
7372 1 2
7373 1 3
7374 1 3
7375 1 2
7376 1 2
7377 1 1
7378 1 3
7379 1 3
7380 1 2
7381 1 3
7382 1 1
7383 1 3
7384 1 1
7385 1 2
7386 1 1
7387 1 2
7388 1 2
7389 1 3
7390 1 2
7391 1 3
7392 1 1
7393 1 1
7394 1 2
7395 1 3
7396 1 3
7397 1 1
7398 1 3
7399 1 3
7400 1 3
7401 1 3
7402 1 2
7403 1 2
7404 1 1
7405 1 3
7406 1 1
7407 1 3
7408 1 2
7409 1 3
7410 1 1
7411 1 1
7412 1 3
7413 1 3
7414 1 1
7415 1 2
7416 1 2
7417 1 3
7418 1 3
7419 1 2
7420 1 2
7421 1 3
7422 1 1
7423 1 1
7424 1 3
7425 1 2
7426 1 3
7427 1 1
7428 1 3
7429 1 2
7430 1 3
7431 1 1
7432 1 2
7433 1 2
7434 1 3
7435 1 1
7436 1 2
7437 1 3
7438 1 3
7439 1 2
7440 1 1
7441 1 3
7442 1 2
7443 1 1
7444 1 2
7445 1 2
7446 1 3
7447 1 2
7448 1 2
7449 1 3
7450 1 2
7451 1 3
7452 1 3
7453 1 2
7454 1 2
7455 1 2
7456 1 3
7457 1 1
7458 1 1
7459 1 1
7460 1 2
7461 1 2
7462 1 2
7463 1 1
7464 1 3
7465 1 2
7466 1 1
7467 1 1
7468 1 2
7469 1 2
7470 1 1
7471 1 3
7472 1 1
7473 1 1
7474 1 1
7475 1 2
7476 1 2
7477 1 1
7478 1 3
7479 1 3
7480 1 2
7481 1 1
7482 1 2
7483 1 3
7484 1 3
7485 1 3
7486 1 3
7487 1 2
7488 1 2
7489 1 1
7490 1 3
7491 1 3
7492 1 1
7493 1 3
7494 1 3
7495 1 2
7496 1 2
7497 1 2
7498 1 3
7499 1 2
7500 1 2
7501 1 2
7502 1 2
7503 1 3
7504 1 1
7505 1 3
7506 1 3
7507 1 1
7508 1 3
7509 1 1
7510 1 3
7511 1 3
7512 1 1
7513 1 2
7514 1 3
7515 1 3
7516 1 2
7517 1 3
7518 1 2
7519 1 2
7520 1 2
7521 1 3
7522 1 3
7523 1 2
7524 1 2
7525 1 2
7526 1 3
7527 1 1
7528 1 2
7529 1 2
7530 1 3
7531 1 2
7532 1 2
7533 1 3
7534 1 3
7535 1 3
7536 1 2
7537 1 2
7538 1 2
7539 1 3
7540 1 3
7541 1 3
7542 1 1
7543 1 2
7544 1 2
7545 1 3
7546 1 1
7547 1 2
7548 1 3
7549 1 2
7550 1 3
7551 1 3
7552 1 2
7553 1 2
7554 1 3
7555 1 2
7556 1 3
7557 1 2
7558 1 2
7559 1 1
7560 1 2
7561 1 2
7562 1 3
7563 1 2
7564 1 3
7565 1 3
7566 1 3
7567 1 1
7568 1 3
7569 1 3
7570 1 1
7571 1 3
7572 1 3
7573 1 3
7574 1 3
7575 1 2
7576 1 3
7577 1 3
7578 1 3
7579 1 1
7580 1 1
7581 1 1
7582 1 1
7583 1 3
7584 1 2
7585 1 3
7586 1 3
7587 1 1
7588 1 3
7589 1 2
7590 1 3
7591 1 2
7592 1 3
7593 1 3
7594 1 3
7595 1 3
7596 1 1
7597 1 3
7598 1 1
7599 1 1
7600 1 3
7601 1 2
7602 1 3
7603 1 2
7604 1 3
7605 1 3
7606 1 3
7607 1 3
7608 1 2
7609 1 3
7610 1 3
7611 1 2
7612 1 2
7613 1 1
7614 1 2
7615 1 3
7616 1 3
7617 1 2
7618 1 1
7619 1 2
7620 1 1
7621 1 2
7622 1 1
7623 1 2
7624 1 2
7625 1 3
7626 1 2
7627 1 2
7628 1 3
7629 1 2
7630 1 2
7631 1 2
7632 1 2
7633 1 3
7634 1 2
7635 1 3
7636 1 3
7637 1 3
7638 1 2
7639 1 1
7640 1 1
7641 1 1
7642 1 3
7643 1 1
7644 1 2
7645 1 2
7646 1 3
7647 1 3
7648 1 2
7649 1 3
7650 1 2
7651 1 3
7652 1 1
7653 1 3
7654 1 3
7655 1 2
7656 1 1
7657 1 1
7658 1 2
7659 1 3
7660 1 1
7661 1 1
7662 1 2
7663 1 3
7664 1 1
7665 1 3
7666 1 3
7667 1 1
7668 1 3
7669 1 3
7670 1 2
7671 1 2
7672 1 2
7673 1 3
7674 1 3
7675 1 3
7676 1 3
7677 1 3
7678 1 2
7679 1 3
7680 1 2
7681 1 1
7682 1 3
7683 1 3
7684 1 3
7685 1 2
7686 1 3
7687 1 2
7688 1 3
7689 1 1
7690 1 3
7691 1 3
7692 1 2
7693 1 3
7694 1 3
7695 1 2
7696 1 3
7697 1 1
7698 1 1
7699 1 2
7700 1 1
7701 1 1
7702 1 3
7703 1 2
7704 1 2
7705 1 1
7706 1 1
7707 1 1
7708 1 2
7709 1 2
7710 1 2
7711 1 2
7712 1 2
7713 1 2
7714 1 1
7715 1 1
7716 1 2
7717 1 3
7718 1 2
7719 1 3
7720 1 2
7721 1 3
7722 1 3
7723 1 3
7724 1 3
7725 1 1
7726 1 3
7727 1 2
7728 1 3
7729 1 3
7730 1 3
7731 1 1
7732 1 3
7733 1 3
7734 1 3
7735 1 1
7736 1 2
7737 1 3
7738 1 3
7739 1 3
7740 1 3
7741 1 2
7742 1 3
7743 1 3
7744 1 3
7745 1 2
7746 1 3
7747 1 3
7748 1 2
7749 1 2
7750 1 1
7751 1 3
7752 1 3
7753 1 2
7754 1 2
7755 1 2
7756 1 2
7757 1 2
7758 1 3
7759 1 3
7760 1 3
7761 1 2
7762 1 2
7763 1 3
7764 1 3
7765 1 3
7766 1 3
7767 1 2
7768 1 1
7769 1 2
7770 1 1
7771 1 3
7772 1 1
7773 1 2
7774 1 3
7775 1 2
7776 1 2
7777 1 2
7778 1 3
7779 1 3
7780 1 3
7781 1 1
7782 1 3
7783 1 3
7784 1 3
7785 1 2
7786 1 1
7787 1 2
7788 1 2
7789 1 3
7790 1 3
7791 1 1
7792 1 3
7793 1 2
7794 1 2
7795 1 3
7796 1 1
7797 1 3
7798 1 2
7799 1 3
7800 1 2
7801 1 1
7802 1 3
7803 1 3
7804 1 2
7805 1 2
7806 1 3
7807 1 1
7808 1 2
7809 1 2
7810 1 2
7811 1 3
7812 1 3
7813 1 2
7814 1 2
7815 1 2
7816 1 2
7817 1 1
7818 1 2
7819 1 3
7820 1 2
7821 1 3
7822 1 3
7823 1 3
7824 1 3
7825 1 3
7826 1 3
7827 1 3
7828 1 1
7829 1 2
7830 1 1
7831 1 2
7832 1 3
7833 1 1
7834 1 2
7835 1 2
7836 1 2
7837 1 3
7838 1 3
7839 1 2
7840 1 2
7841 1 3
7842 1 1
7843 1 1
7844 1 2
7845 1 3
7846 1 2
7847 1 3
7848 1 2
7849 1 3
7850 1 2
7851 1 3
7852 1 3
7853 1 2
7854 1 1
7855 1 2
7856 1 2
7857 1 2
7858 1 1
7859 1 2
7860 1 2
7861 1 3
7862 1 3
7863 1 3
7864 1 1
7865 1 1
7866 1 2
7867 1 1
7868 1 3
7869 1 2
7870 1 2
7871 1 2
7872 1 2
7873 1 3
7874 1 1
7875 1 1
7876 1 2
7877 1 3
7878 1 3
7879 1 2
7880 1 1
7881 1 2
7882 1 2
7883 1 2
7884 1 1
7885 1 3
7886 1 3
7887 1 3
7888 1 3
7889 1 3
7890 1 3
7891 1 3
7892 1 3
7893 1 2
7894 1 2
7895 1 2
7896 1 1
7897 1 3
7898 1 3
7899 1 2
7900 1 3
7901 1 2
7902 1 1
7903 1 2
7904 1 1
7905 1 3
7906 1 2
7907 1 2
7908 1 1
7909 1 3
7910 1 2
7911 1 2
7912 1 3
7913 1 2
7914 1 2
7915 1 3
7916 1 2
7917 1 2
7918 1 1
7919 1 2
7920 1 3
7921 1 3
7922 1 2
7923 1 3
7924 1 2
7925 1 2
7926 1 2
7927 1 2
7928 1 3
7929 1 2
7930 1 3
7931 1 2
7932 1 3
7933 1 3
7934 1 2
7935 1 2
7936 1 3
7937 1 3
7938 1 2
7939 1 3
7940 1 2
7941 1 3
7942 1 2
7943 1 2
7944 1 1
7945 1 3
7946 1 3
7947 1 3
7948 1 2
7949 1 1
7950 1 2
7951 1 3
7952 1 2
7953 1 3
7954 1 2
7955 1 3
7956 1 2
7957 1 1
7958 1 2
7959 1 2
7960 1 1
7961 1 2
7962 1 2
7963 1 3
7964 1 2
7965 1 3
7966 1 3
7967 1 3
7968 1 3
7969 1 3
7970 1 2
7971 1 3
7972 1 2
7973 1 1
7974 1 2
7975 1 3
7976 1 2
7977 1 3
7978 1 2
7979 1 1
7980 1 3
7981 1 2
7982 1 2
7983 1 1
7984 1 3
7985 1 1
7986 1 1
7987 1 2
7988 1 3
7989 1 3
7990 1 2
7991 1 1
7992 1 2
7993 1 2
7994 1 1
7995 1 3
7996 1 2
7997 1 3
7998 1 3
7999 1 3
8000 1 2
8001 1 3
8002 1 1
8003 1 2
8004 1 2
8005 1 3
8006 1 2
8007 1 2
8008 1 1
8009 1 2
8010 1 3
8011 1 3
8012 1 1
8013 1 2
8014 1 2
8015 1 2
8016 1 1
8017 1 1
8018 1 3
8019 1 2
8020 1 2
8021 1 2
8022 1 2
8023 1 3
8024 1 2
8025 1 2
8026 1 2
8027 1 3
8028 1 2
8029 1 3
8030 1 2
8031 1 2
8032 1 2
8033 1 2
8034 1 1
8035 1 2
8036 1 2
8037 1 1
8038 1 2
8039 1 2
8040 1 2
8041 1 3
8042 1 3
8043 1 2
8044 1 2
8045 1 1
8046 1 2
8047 1 1
8048 1 1
8049 1 3
8050 1 2
8051 1 2
8052 1 3
8053 1 3
8054 1 2
8055 1 2
8056 1 2
8057 1 2
8058 1 2
8059 1 1
8060 1 1
8061 1 2
8062 1 2
8063 1 2
8064 1 3
8065 1 3
8066 1 1
8067 1 2
8068 1 1
8069 1 2
8070 1 2
8071 1 1
8072 1 1
8073 1 1
8074 1 2
8075 1 2
8076 1 1
8077 1 2
8078 1 2
8079 1 1
8080 1 3
8081 1 3
8082 1 1
8083 1 3
8084 1 1
8085 1 2
8086 1 1
8087 1 2
8088 1 3
8089 1 2
8090 1 2
8091 1 3
8092 1 3
8093 1 3
8094 1 2
8095 1 1
8096 1 3
8097 1 2
8098 1 2
8099 1 2
8100 1 1
8101 1 1
8102 1 2
8103 1 2
8104 1 1
8105 1 1
8106 1 3
8107 1 3
8108 1 2
8109 1 2
8110 1 3
8111 1 2
8112 1 2
8113 1 3
8114 1 2
8115 1 2
8116 1 2
8117 1 3
8118 1 3
8119 1 3
8120 1 1
8121 1 3
8122 1 2
8123 1 2
8124 1 3
8125 1 3
8126 1 3
8127 1 1
8128 1 3
8129 1 1
8130 1 1
8131 1 1
8132 1 3
8133 1 2
8134 1 1
8135 1 3
8136 1 1
8137 1 2
8138 1 3
8139 1 2
8140 1 3
8141 1 1
8142 1 2
8143 1 1
8144 1 2
8145 1 2
8146 1 3
8147 1 2
8148 1 2
8149 1 3
8150 1 2
8151 1 3
8152 1 3
8153 1 3
8154 1 2
8155 1 1
8156 1 1
8157 1 3
8158 1 2
8159 1 2
8160 1 3
8161 1 2
8162 1 3
8163 1 3
8164 1 3
8165 1 2
8166 1 1
8167 1 2
8168 1 3
8169 1 3
8170 1 2
8171 1 2
8172 1 2
8173 1 3
8174 1 2
8175 1 2
8176 1 2
8177 1 2
8178 1 2
8179 1 2
8180 1 2
8181 1 1
8182 1 2
8183 1 3
8184 1 2
8185 1 2
8186 1 3
8187 1 3
8188 1 3
8189 1 3
8190 1 3
8191 1 1
8192 1 3
8193 1 1
8194 1 2
8195 1 1
8196 1 1
8197 1 1
8198 1 3
8199 1 2
8200 1 2
8201 1 3
8202 1 3
8203 1 3
8204 1 2
8205 1 2
8206 1 2
8207 1 2
8208 1 1
8209 1 1
8210 1 3
8211 1 2
8212 1 3
8213 1 2
8214 1 1
8215 1 2
8216 1 1
8217 1 2
8218 1 1
8219 1 2
8220 1 2
8221 1 2
8222 1 1
8223 1 2
8224 1 1
8225 1 3
8226 1 2
8227 1 3
8228 1 2
8229 1 1
8230 1 3
8231 1 2
8232 1 1
8233 1 2
8234 1 2
8235 1 3
8236 1 2
8237 1 2
8238 1 2
8239 1 2
8240 1 3
8241 1 1
8242 1 2
8243 1 2
8244 1 3
8245 1 1
8246 1 3
8247 1 3
8248 1 1
8249 1 2
8250 1 1
8251 1 3
8252 1 2
8253 1 3
8254 1 3
8255 1 1
8256 1 3
8257 1 1
8258 1 3
8259 1 2
8260 1 3
8261 1 2
8262 1 3
8263 1 1
8264 1 2
8265 1 3
8266 1 1
8267 1 3
8268 1 2
8269 1 3
8270 1 3
8271 1 2
8272 1 1
8273 1 1
8274 1 2
8275 1 3
8276 1 3
8277 1 3
8278 1 2
8279 1 3
8280 1 3
8281 1 2
8282 1 2
8283 1 3
8284 1 2
8285 1 2
8286 1 3
8287 1 2
8288 1 3
8289 1 3
8290 1 2
8291 1 3
8292 1 3
8293 1 1
8294 1 3
8295 1 1
8296 1 2
8297 1 2
8298 1 3
8299 1 3
8300 1 3
8301 1 1
8302 1 2
8303 1 2
8304 1 2
8305 1 2
8306 1 1
8307 1 2
8308 1 3
8309 1 1
8310 1 2
8311 1 2
8312 1 2
8313 1 2
8314 1 2
8315 1 2
8316 1 2
8317 1 2
8318 1 3
8319 1 1
8320 1 1
8321 1 3
8322 1 3
8323 1 1
8324 1 2
8325 1 2
8326 1 3
8327 1 3
8328 1 2
8329 1 3
8330 1 2
8331 1 2
8332 1 3
8333 1 3
8334 1 1
8335 1 3
8336 1 3
8337 1 2
8338 1 3
8339 1 3
8340 1 3
8341 1 1
8342 1 2
8343 1 3
8344 1 3
8345 1 3
8346 1 3
8347 1 3
8348 1 3
8349 1 3
8350 1 1
8351 1 1
8352 1 2
8353 1 2
8354 1 2
8355 1 3
8356 1 2
8357 1 3
8358 1 2
8359 1 2
8360 1 3
8361 1 2
8362 1 3
8363 1 1
8364 1 3
8365 1 3
8366 1 2
8367 1 2
8368 1 2
8369 1 2
8370 1 1
8371 1 2
8372 1 2
8373 1 2
8374 1 2
8375 1 3
8376 1 1
8377 1 2
8378 1 1
8379 1 2
8380 1 3
8381 1 3
8382 1 3
8383 1 3
8384 1 1
8385 1 2
8386 1 2
8387 1 1
8388 1 2
8389 1 3
8390 1 3
8391 1 1
8392 1 3
8393 1 2
8394 1 2
8395 1 1
8396 1 3
8397 1 2
8398 1 2
8399 1 2
8400 1 2
8401 1 3
8402 1 3
8403 1 2
8404 1 2
8405 1 1
8406 1 3
8407 1 2
8408 1 3
8409 1 1
8410 1 2
8411 1 3
8412 1 3
8413 1 1
8414 1 1
8415 1 3
8416 1 2
8417 1 3
8418 1 1
8419 1 1
8420 1 3
8421 1 2
8422 1 1
8423 1 3
8424 1 1
8425 1 1
8426 1 3
8427 1 2
8428 1 3
8429 1 2
8430 1 3
8431 1 2
8432 1 3
8433 1 3
8434 1 1
8435 1 3
8436 1 3
8437 1 3
8438 1 2
8439 1 3
8440 1 3
8441 1 2
8442 1 2
8443 1 2
8444 1 2
8445 1 2
8446 1 3
8447 1 3
8448 1 3
8449 1 3
8450 1 2
8451 1 3
8452 1 2
8453 1 3
8454 1 3
8455 1 3
8456 1 3
8457 1 1
8458 1 1
8459 1 1
8460 1 1
8461 1 2
8462 1 2
8463 1 2
8464 1 2
8465 1 1
8466 1 2
8467 1 2
8468 1 1
8469 1 1
8470 1 3
8471 1 1
8472 1 2
8473 1 2
8474 1 3
8475 1 2
8476 1 3
8477 1 2
8478 1 3
8479 1 3
8480 1 1
8481 1 3
8482 1 3
8483 1 1
8484 1 2
8485 1 1
8486 1 2
8487 1 2
8488 1 1
8489 1 3
8490 1 2
8491 1 3
8492 1 3
8493 1 2
8494 1 3
8495 1 1
8496 1 2
8497 1 2
8498 1 3
8499 1 3
8500 1 2
8501 1 1
8502 1 3
8503 1 3
8504 1 2
8505 1 2
8506 1 3
8507 1 2
8508 1 2
8509 1 2
8510 1 2
8511 1 3
8512 1 3
8513 1 3
8514 1 2
8515 1 2
8516 1 3
8517 1 3
8518 1 2
8519 1 2
8520 1 3
8521 1 3
8522 1 2
8523 1 2
8524 1 3
8525 1 3
8526 1 2
8527 1 3
8528 1 2
8529 1 1
8530 1 1
8531 1 3
8532 1 2
8533 1 2
8534 1 2
8535 1 3
8536 1 1
8537 1 3
8538 1 3
8539 1 2
8540 1 2
8541 1 2
8542 1 2
8543 1 2
8544 1 3
8545 1 2
8546 1 1
8547 1 2
8548 1 2
8549 1 2
8550 1 3
8551 1 3
8552 1 1
8553 1 1
8554 1 3
8555 1 1
8556 1 3
8557 1 2
8558 1 3
8559 1 1
8560 1 3
8561 1 2
8562 1 2
8563 1 2
8564 1 2
8565 1 3
8566 1 3
8567 1 3
8568 1 2
8569 1 3
8570 1 1
8571 1 2
8572 1 2
8573 1 2
8574 1 2
8575 1 3
8576 1 3
8577 1 3
8578 1 1
8579 1 3
8580 1 3
8581 1 2
8582 1 3
8583 1 3
8584 1 2
8585 1 2
8586 1 2
8587 1 2
8588 1 1
8589 1 3
8590 1 3
8591 1 2
8592 1 3
8593 1 1
8594 1 1
8595 1 3
8596 1 2
8597 1 2
8598 1 2
8599 1 1
8600 1 2
8601 1 2
8602 1 1
8603 1 3
8604 1 2
8605 1 2
8606 1 1
8607 1 3
8608 1 3
8609 1 2
8610 1 3
8611 1 1
8612 1 1
8613 1 3
8614 1 3
8615 1 1
8616 1 1
8617 1 1
8618 1 3
8619 1 2
8620 1 2
8621 1 1
8622 1 1
8623 1 3
8624 1 3
8625 1 2
8626 1 3
8627 1 2
8628 1 3
8629 1 1
8630 1 2
8631 1 3
8632 1 2
8633 1 3
8634 1 3
8635 1 1
8636 1 2
8637 1 1
8638 1 2
8639 1 2
8640 1 3
8641 1 3
8642 1 1
8643 1 2
8644 1 1
8645 1 2
8646 1 2
8647 1 3
8648 1 3
8649 1 1
8650 1 3
8651 1 1
8652 1 3
8653 1 1
8654 1 3
8655 1 3
8656 1 3
8657 1 3
8658 1 3
8659 1 1
8660 1 3
8661 1 2
8662 1 3
8663 1 3
8664 1 2
8665 1 3
8666 1 3
8667 1 2
8668 1 2
8669 1 3
8670 1 3
8671 1 3
8672 1 3
8673 1 2
8674 1 3
8675 1 1
8676 1 1
8677 1 3
8678 1 3
8679 1 2
8680 1 3
8681 1 2
8682 1 3
8683 1 1
8684 1 3
8685 1 3
8686 1 2
8687 1 3
8688 1 1
8689 1 3
8690 1 2
8691 1 2
8692 1 2
8693 1 2
8694 1 3
8695 1 3
8696 1 1
8697 1 3
8698 1 3
8699 1 2
8700 1 3
8701 1 2
8702 1 3
8703 1 2
8704 1 2
8705 1 2
8706 1 2
8707 1 2
8708 1 3
8709 1 3
8710 1 2
8711 1 2
8712 1 2
8713 1 1
8714 1 1
8715 1 3
8716 1 2
8717 1 3
8718 1 3
8719 1 1
8720 1 3
8721 1 1
8722 1 2
8723 1 3
8724 1 3
8725 1 3
8726 1 2
8727 1 2
8728 1 2
8729 1 3
8730 1 2
8731 1 2
8732 1 2
8733 1 2
8734 1 3
8735 1 3
8736 1 2
8737 1 3
8738 1 2
8739 1 1
8740 1 3
8741 1 1
8742 1 2
8743 1 3
8744 1 3
8745 1 3
8746 1 3
8747 1 3
8748 1 3
8749 1 1
8750 1 3
8751 1 1
8752 1 2
8753 1 3
8754 1 2
8755 1 3
8756 1 2
8757 1 2
8758 1 2
8759 1 3
8760 1 2
8761 1 3
8762 1 2
8763 1 2
8764 1 2
8765 1 3
8766 1 3
8767 1 2
8768 1 2
8769 1 2
8770 1 2
8771 1 1
8772 1 2
8773 1 1
8774 1 2
8775 1 3
8776 1 2
8777 1 2
8778 1 3
8779 1 3
8780 1 1
8781 1 1
8782 1 2
8783 1 3
8784 1 3
8785 1 2
8786 1 3
8787 1 3
8788 1 3
8789 1 1
8790 1 3
8791 1 2
8792 1 1
8793 1 2
8794 1 2
8795 1 3
8796 1 3
8797 1 2
8798 1 2
8799 1 1
8800 1 3
8801 1 3
8802 1 3
8803 1 3
8804 1 1
8805 1 1
8806 1 3
8807 1 3
8808 1 2
8809 1 3
8810 1 2
8811 1 2
8812 1 1
8813 1 3
8814 1 3
8815 1 2
8816 1 1
8817 1 2
8818 1 1
8819 1 2
8820 1 2
8821 1 1
8822 1 2
8823 1 3
8824 1 2
8825 1 2
8826 1 3
8827 1 2
8828 1 2
8829 1 3
8830 1 2
8831 1 2
8832 1 1
8833 1 3
8834 1 2
8835 1 1
8836 1 2
8837 1 2
8838 1 2
8839 1 2
8840 1 2
8841 1 3
8842 1 1
8843 1 2
8844 1 2
8845 1 3
8846 1 3
8847 1 2
8848 1 3
8849 1 3
8850 1 1
8851 1 1
8852 1 2
8853 1 3
8854 1 3
8855 1 3
8856 1 2
8857 1 2
8858 1 2
8859 1 1
8860 1 2
8861 1 2
8862 1 1
8863 1 2
8864 1 3
8865 1 2
8866 1 3
8867 1 3
8868 1 3
8869 1 2
8870 1 1
8871 1 3
8872 1 3
8873 1 2
8874 1 2
8875 1 3
8876 1 3
8877 1 2
8878 1 1
8879 1 3
8880 1 2
8881 1 2
8882 1 2
8883 1 1
8884 1 2
8885 1 2
8886 1 2
8887 1 2
8888 1 3
8889 1 3
8890 1 3
8891 1 3
8892 1 2
8893 1 2
8894 1 2
8895 1 2
8896 1 2
8897 1 2
8898 1 2
8899 1 2
8900 1 2
8901 1 3
8902 1 3
8903 1 3
8904 1 1
8905 1 3
8906 1 1
8907 1 2
8908 1 1
8909 1 2
8910 1 3
8911 1 3
8912 1 3
8913 1 3
8914 1 3
8915 1 1
8916 1 1
8917 1 2
8918 1 2
8919 1 3
8920 1 2
8921 1 2
8922 1 3
8923 1 2
8924 1 3
8925 1 3
8926 1 3
8927 1 3
8928 1 1
8929 1 2
8930 1 1
8931 1 1
8932 1 2
8933 1 3
8934 1 3
8935 1 2
8936 1 1
8937 1 1
8938 1 3
8939 1 3
8940 1 3
8941 1 3
8942 1 3
8943 1 1
8944 1 2
8945 1 2
8946 1 3
8947 1 3
8948 1 1
8949 1 3
8950 1 2
8951 1 2
8952 1 2
8953 1 2
8954 1 1
8955 1 2
8956 1 3
8957 1 1
8958 1 1
8959 1 3
8960 1 2
8961 1 3
8962 1 3
8963 1 3
8964 1 1
8965 1 2
8966 1 2
8967 1 3
8968 1 1
8969 1 3
8970 1 3
8971 1 2
8972 1 3
8973 1 1
8974 1 1
8975 1 1
8976 1 2
8977 1 1
8978 1 3
8979 1 2
8980 1 2
8981 1 3
8982 1 3
8983 1 2
8984 1 2
8985 1 3
8986 1 2
8987 1 2
8988 1 3
8989 1 3
8990 1 2
8991 1 3
8992 1 3
8993 1 3
8994 1 3
8995 1 3
8996 1 3
8997 1 1
8998 1 3
8999 1 2
9000 1 2
9001 1 3
9002 1 2
9003 1 2
9004 1 2
9005 1 2
9006 1 2
9007 1 2
9008 1 2
9009 1 2
9010 1 2
9011 1 2
9012 1 3
9013 1 3
9014 1 1
9015 1 3
9016 1 2
9017 1 1
9018 1 1
9019 1 2
9020 1 3
9021 1 2
9022 1 3
9023 1 3
9024 1 3
9025 1 3
9026 1 3
9027 1 1
9028 1 3
9029 1 2
9030 1 3
9031 1 2
9032 1 1
9033 1 2
9034 1 2
9035 1 2
9036 1 3
9037 1 3
9038 1 1
9039 1 3
9040 1 3
9041 1 2
9042 1 2
9043 1 1
9044 1 1
9045 1 3
9046 1 3
9047 1 2
9048 1 2
9049 1 3
9050 1 2
9051 1 2
9052 1 2
9053 1 2
9054 1 3
9055 1 2
9056 1 1
9057 1 3
9058 1 2
9059 1 3
9060 1 2
9061 1 3
9062 1 2
9063 1 3
9064 1 1
9065 1 3
9066 1 3
9067 1 2
9068 1 3
9069 1 2
9070 1 2
9071 1 1
9072 1 1
9073 1 2
9074 1 2
9075 1 2
9076 1 2
9077 1 2
9078 1 2
9079 1 2
9080 1 2
9081 1 2
9082 1 3
9083 1 3
9084 1 1
9085 1 2
9086 1 3
9087 1 1
9088 1 3
9089 1 3
9090 1 2
9091 1 2
9092 1 2
9093 1 1
9094 1 2
9095 1 3
9096 1 3
9097 1 2
9098 1 2
9099 1 3
9100 1 3
9101 1 1
9102 1 3
9103 1 1
9104 1 3
9105 1 2
9106 1 2
9107 1 2
9108 1 3
9109 1 2
9110 1 1
9111 1 3
9112 1 1
9113 1 2
9114 1 1
9115 1 2
9116 1 1
9117 1 3
9118 1 2
9119 1 2
9120 1 2
9121 1 2
9122 1 3
9123 1 3
9124 1 2
9125 1 2
9126 1 1
9127 1 3
9128 1 3
9129 1 3
9130 1 1
9131 1 1
9132 1 3
9133 1 3
9134 1 1
9135 1 2
9136 1 3
9137 1 3
9138 1 2
9139 1 2
9140 1 2
9141 1 3
9142 1 2
9143 1 3
9144 1 1
9145 1 2
9146 1 3
9147 1 3
9148 1 1
9149 1 3
9150 1 2
9151 1 2
9152 1 3
9153 1 2
9154 1 2
9155 1 2
9156 1 1
9157 1 2
9158 1 2
9159 1 1
9160 1 2
9161 1 2
9162 1 2
9163 1 3
9164 1 2
9165 1 3
9166 1 3
9167 1 3
9168 1 3
9169 1 2
9170 1 2
9171 1 3
9172 1 3
9173 1 1
9174 1 1
9175 1 3
9176 1 3
9177 1 2
9178 1 3
9179 1 2
9180 1 3
9181 1 2
9182 1 1
9183 1 3
9184 1 3
9185 1 1
9186 1 2
9187 1 2
9188 1 2
9189 1 2
9190 1 2
9191 1 1
9192 1 3
9193 1 3
9194 1 3
9195 1 2
9196 1 2
9197 1 2
9198 1 2
9199 1 2
9200 1 3
9201 1 3
9202 1 2
9203 1 1
9204 1 2
9205 1 1
9206 1 3
9207 1 1
9208 1 2
9209 1 2
9210 1 3
9211 1 3
9212 1 2
9213 1 2
9214 1 3
9215 1 2
9216 1 1
9217 1 2
9218 1 2
9219 1 3
9220 1 1
9221 1 2
9222 1 2
9223 1 3
9224 1 2
9225 1 3
9226 1 2
9227 1 2
9228 1 3
9229 1 2
9230 1 2
9231 1 3
9232 1 1
9233 1 2
9234 1 3
9235 1 2
9236 1 3
9237 1 3
9238 1 1
9239 1 2
9240 1 1
9241 1 2
9242 1 2
9243 1 3
9244 1 3
9245 1 3
9246 1 3
9247 1 2
9248 1 3
9249 1 2
9250 1 3
9251 1 2
9252 1 3
9253 1 1
9254 1 2
9255 1 1
9256 1 2
9257 1 3
9258 1 1
9259 1 3
9260 1 3
9261 1 2
9262 1 2
9263 1 3
9264 1 1
9265 1 3
9266 1 3
9267 1 3
9268 1 2
9269 1 1
9270 1 3
9271 1 1
9272 1 1
9273 1 2
9274 1 1
9275 1 3
9276 1 1
9277 1 2
9278 1 2
9279 1 3
9280 1 3
9281 1 2
9282 1 3
9283 1 3
9284 1 1
9285 1 1
9286 1 3
9287 1 3
9288 1 3
9289 1 2
9290 1 3
9291 1 2
9292 1 2
9293 1 3
9294 1 1
9295 1 2
9296 1 2
9297 1 3
9298 1 1
9299 1 2
9300 1 2
9301 1 1
9302 1 2
9303 1 1
9304 1 3
9305 1 3
9306 1 2
9307 1 2
9308 1 1
9309 1 2
9310 1 3
9311 1 2
9312 1 3
9313 1 3
9314 1 2
9315 1 1
9316 1 3
9317 1 1
9318 1 1
9319 1 1
9320 1 1
9321 1 3
9322 1 1
9323 1 2
9324 1 2
9325 1 3
9326 1 2
9327 1 3
9328 1 2
9329 1 3
9330 1 1
9331 1 3
9332 1 3
9333 1 3
9334 1 3
9335 1 2
9336 1 2
9337 1 3
9338 1 3
9339 1 1
9340 1 1
9341 1 3
9342 1 3
9343 1 1
9344 1 2
9345 1 1
9346 1 3
9347 1 2
9348 1 3
9349 1 3
9350 1 2
9351 1 1
9352 1 2
9353 1 1
9354 1 3
9355 1 2
9356 1 2
9357 1 2
9358 1 2
9359 1 2
9360 1 3
9361 1 3
9362 1 3
9363 1 2
9364 1 2
9365 1 3
9366 1 3
9367 1 2
9368 1 1
9369 1 2
9370 1 1
9371 1 1
9372 1 1
9373 1 2
9374 1 1
9375 1 2
9376 1 1
9377 1 2
9378 1 3
9379 1 2
9380 1 3
9381 1 2
9382 1 2
9383 1 2
9384 1 1
9385 1 2
9386 1 2
9387 1 3
9388 1 3
9389 1 1
9390 1 3
9391 1 3
9392 1 2
9393 1 1
9394 1 1
9395 1 3
9396 1 2
9397 1 2
9398 1 1
9399 1 3
9400 1 2
9401 1 2
9402 1 2
9403 1 3
9404 1 3
9405 1 3
9406 1 2
9407 1 3
9408 1 1
9409 1 2
9410 1 2
9411 1 2
9412 1 2
9413 1 3
9414 1 2
9415 1 2
9416 1 2
9417 1 2
9418 1 3
9419 1 2
9420 1 1
9421 1 3
9422 1 2
9423 1 3
9424 1 3
9425 1 3
9426 1 3
9427 1 3
9428 1 2
9429 1 3
9430 1 2
9431 1 3
9432 1 2
9433 1 1
9434 1 2
9435 1 3
9436 1 2
9437 1 1
9438 1 1
9439 1 2
9440 1 3
9441 1 2
9442 1 3
9443 1 3
9444 1 2
9445 1 2
9446 1 3
9447 1 2
9448 1 2
9449 1 2
9450 1 2
9451 1 2
9452 1 2
9453 1 2
9454 1 2
9455 1 2
9456 1 2
9457 1 1
9458 1 3
9459 1 3
9460 1 3
9461 1 1
9462 1 3
9463 1 1
9464 1 3
9465 1 1
9466 1 3
9467 1 2
9468 1 3
9469 1 2
9470 1 3
9471 1 3
9472 1 1
9473 1 3
9474 1 2
9475 1 3
9476 1 2
9477 1 2
9478 1 1
9479 1 3
9480 1 2
9481 1 2
9482 1 2
9483 1 2
9484 1 2
9485 1 2
9486 1 2
9487 1 3
9488 1 3
9489 1 3
9490 1 3
9491 1 2
9492 1 3
9493 1 2
9494 1 1
9495 1 1
9496 1 3
9497 1 3
9498 1 2
9499 1 3
9500 1 1
9501 1 3
9502 1 2
9503 1 2
9504 1 3
9505 1 3
9506 1 2
9507 1 2
9508 1 3
9509 1 2
9510 1 2
9511 1 3
9512 1 2
9513 1 1
9514 1 3
9515 1 2
9516 1 3
9517 1 3
9518 1 3
9519 1 3
9520 1 1
9521 1 1
9522 1 3
9523 1 3
9524 1 3
9525 1 1
9526 1 1
9527 1 2
9528 1 3
9529 1 2
9530 1 2
9531 1 3
9532 1 1
9533 1 2
9534 1 2
9535 1 1
9536 1 3
9537 1 3
9538 1 3
9539 1 2
9540 1 1
9541 1 3
9542 1 3
9543 1 3
9544 1 1
9545 1 2
9546 1 1
9547 1 2
9548 1 2
9549 1 2
9550 1 2
9551 1 1
9552 1 3
9553 1 1
9554 1 2
9555 1 2
9556 1 2
9557 1 2
9558 1 2
9559 1 2
9560 1 3
9561 1 3
9562 1 2
9563 1 2
9564 1 2
9565 1 1
9566 1 2
9567 1 2
9568 1 2
9569 1 3
9570 1 2
9571 1 3
9572 1 2
9573 1 3
9574 1 2
9575 1 3
9576 1 2
9577 1 2
9578 1 3
9579 1 2
9580 1 3
9581 1 3
9582 1 2
9583 1 1
9584 1 3
9585 1 2
9586 1 3
9587 1 3
9588 1 3
9589 1 3
9590 1 3
9591 1 3
9592 1 1
9593 1 1
9594 1 3
9595 1 3
9596 1 2
9597 1 3
9598 1 3
9599 1 3
9600 1 3
9601 1 2
9602 1 1
9603 1 2
9604 1 2
9605 1 2
9606 1 3
9607 1 2
9608 1 3
9609 1 3
9610 1 2
9611 1 3
9612 1 2
9613 1 3
9614 1 3
9615 1 3
9616 1 2
9617 1 3
9618 1 1
9619 1 2
9620 1 3
9621 1 2
9622 1 3
9623 1 3
9624 1 3
9625 1 2
9626 1 1
9627 1 2
9628 1 3
9629 1 2
9630 1 2
9631 1 3
9632 1 3
9633 1 1
9634 1 3
9635 1 2
9636 1 2
9637 1 1
9638 1 2
9639 1 3
9640 1 2
9641 1 3
9642 1 3
9643 1 2
9644 1 3
9645 1 3
9646 1 2
9647 1 3
9648 1 2
9649 1 1
9650 1 2
9651 1 2
9652 1 3
9653 1 1
9654 1 2
9655 1 2
9656 1 2
9657 1 2
9658 1 3
9659 1 2
9660 1 2
9661 1 3
9662 1 1
9663 1 3
9664 1 3
9665 1 2
9666 1 1
9667 1 3
9668 1 2
9669 1 1
9670 1 2
9671 1 2
9672 1 2
9673 1 2
9674 1 3
9675 1 3
9676 1 3
9677 1 2
9678 1 1
9679 1 2
9680 1 1
9681 1 3
9682 1 1
9683 1 2
9684 1 1
9685 1 3
9686 1 3
9687 1 2
9688 1 3
9689 1 2
9690 1 1
9691 1 3
9692 1 3
9693 1 3
9694 1 2
9695 1 2
9696 1 3
9697 1 3
9698 1 2
9699 1 2
9700 1 1
9701 1 3
9702 1 3
9703 1 3
9704 1 1
9705 1 3
9706 1 3
9707 1 3
9708 1 1
9709 1 2
9710 1 3
9711 1 3
9712 1 2
9713 1 1
9714 1 3
9715 1 3
9716 1 2
9717 1 2
9718 1 2
9719 1 1
9720 1 1
9721 1 2
9722 1 2
9723 1 2
9724 1 2
9725 1 1
9726 1 3
9727 1 3
9728 1 2
9729 1 3
9730 1 1
9731 1 2
9732 1 2
9733 1 1
9734 1 1
9735 1 2
9736 1 1
9737 1 1
9738 1 1
9739 1 2
9740 1 3
9741 1 2
9742 1 3
9743 1 3
9744 1 2
9745 1 1
9746 1 1
9747 1 2
9748 1 3
9749 1 3
9750 1 2
9751 1 3
9752 1 3
9753 1 3
9754 1 3
9755 1 3
9756 1 3
9757 1 3
9758 1 3
9759 1 3
9760 1 1
9761 1 3
9762 1 2
9763 1 3
9764 1 2
9765 1 2
9766 1 2
9767 1 1
9768 1 2
9769 1 2
9770 1 2
9771 1 2
9772 1 1
9773 1 3
9774 1 2
9775 1 2
9776 1 3
9777 1 3
9778 1 2
9779 1 3
9780 1 3
9781 1 2
9782 1 2
9783 1 1
9784 1 3
9785 1 3
9786 1 3
9787 1 1
9788 1 3
9789 1 1
9790 1 2
9791 1 3
9792 1 1
9793 1 2
9794 1 3
9795 1 2
9796 1 2
9797 1 3
9798 1 3
9799 1 3
9800 1 2
9801 1 3
9802 1 3
9803 1 2
9804 1 3
9805 1 3
9806 1 1
9807 1 2
9808 1 3
9809 1 3
9810 1 2
9811 1 2
9812 1 1
9813 1 2
9814 1 3
9815 1 1
9816 1 3
9817 1 3
9818 1 3
9819 1 2
9820 1 3
9821 1 2
9822 1 2
9823 1 1
9824 1 2
9825 1 2
9826 1 2
9827 1 3
9828 1 3
9829 1 3
9830 1 3
9831 1 1
9832 1 3
9833 1 2
9834 1 2
9835 1 2
9836 1 1
9837 1 2
9838 1 2
9839 1 3
9840 1 1
9841 1 2
9842 1 1
9843 1 1
9844 1 3
9845 1 2
9846 1 3
9847 1 2
9848 1 1
9849 1 2
9850 1 1
9851 1 2
9852 1 3
9853 1 3
9854 1 2
9855 1 3
9856 1 3
9857 1 3
9858 1 3
9859 1 3
9860 1 2
9861 1 3
9862 1 2
9863 1 2
9864 1 2
9865 1 2
9866 1 2
9867 1 2
9868 1 3
9869 1 1
9870 1 3
9871 1 2
9872 1 3
9873 1 3
9874 1 2
9875 1 1
9876 1 2
9877 1 2
9878 1 3
9879 1 3
9880 1 2
9881 1 2
9882 1 1
9883 1 3
9884 1 2
9885 1 2
9886 1 2
9887 1 3
9888 1 1
9889 1 2
9890 1 3
9891 1 2
9892 1 3
9893 1 2
9894 1 3
9895 1 3
9896 1 3
9897 1 2
9898 1 1
9899 1 3
9900 1 2
9901 1 1
9902 1 3
9903 1 3
9904 1 2
9905 1 3
9906 1 3
9907 1 3
9908 1 2
9909 1 2
9910 1 3
9911 1 1
9912 1 3
9913 1 3
9914 1 2
9915 1 3
9916 1 2
9917 1 1
9918 1 3
9919 1 2
9920 1 3
9921 1 3
9922 1 3
9923 1 3
9924 1 3
9925 1 2
9926 1 3
9927 1 1
9928 1 3
9929 1 1
9930 1 1
9931 1 3
9932 1 2
9933 1 1
9934 1 2
9935 1 2
9936 1 3
9937 1 2
9938 1 2
9939 1 3
9940 1 3
9941 1 3
9942 1 1
9943 1 3
9944 1 1
9945 1 2
9946 1 1
9947 1 3
9948 1 2
9949 1 2
9950 1 2
9951 1 1
9952 1 3
9953 1 3
9954 1 2
9955 1 2
9956 1 2
9957 1 2
9958 1 2
9959 1 2
9960 1 3
9961 1 2
9962 1 2
9963 1 3
9964 1 3
9965 1 2
9966 1 2
9967 1 2
9968 1 3
9969 1 1
9970 1 3
9971 1 1
9972 1 1
9973 1 3
9974 1 1
9975 1 3
9976 1 3
9977 1 2
9978 1 1
9979 1 3
9980 1 2
9981 1 3
9982 1 3
9983 1 2
9984 1 3
9985 1 3
9986 1 2
9987 1 1
9988 1 1
9989 1 3
9990 1 2
9991 1 3
9992 1 2
9993 1 2
9994 1 2
9995 1 1
9996 1 2
9997 1 2
9998 1 1
9999 1 2
10000 1 1
